Time;Type;Volume;Symbol;Price;S/L;T/P;Time;Price;Commission;Swap;Profit;Comment
2022.08.12 14:00:03;Sell;0.02;XAUUSDm;1 795.094;1 791.125;1 786.846;2022.08.12 14:40:15;1 791.125;;;7.94;
2022.08.12 12:00:00;Sell;0.01;XAUUSDm;1 785.350;1 791.125;1 786.846;2022.08.12 14:40:15;1 791.125;;;-5.78;[sl]
2022.08.12 13:07:15;Sell;0.02;XAUUSDm;1 795.611;;;2022.08.12 13:12:53;1 793.095;;;5.03;
2022.08.12 12:30:01;Sell;0.01;XAUUSDm;1 790.599;;;2022.08.12 13:12:52;1 793.098;;;-2.50;
2022.08.12 12:25:00;Sell;0.01;XAUUSDm;1 791.317;;;2022.08.12 12:27:06;1 790.374;;;0.95;
2022.08.12 07:40:06;Buy;0.01;XAUUSDm;1 789.532;;;2022.08.12 12:22:51;1 791.679;;;2.15;
2022.08.12 11:00:01;Buy;0.01;XAUUSDm;1 788.274;1 788.894;1 793.274;2022.08.12 11:15:28;1 788.894;;;0.62;[sl]
2022.08.12 09:00:03;Sell;0.01;XAUUSDm;1 787.167;1 786.623;1 782.167;2022.08.12 10:16:22;1 786.623;;;0.55;[sl]
2022.08.12 08:00:00;Sell;0.01;XAUUSDm;1 788.728;1 787.412;1 783.728;2022.08.12 08:37:30;1 787.412;;;1.32;[sl]
2022.08.12 05:00:01;Sell;0.01;XAUUSDm;1 790.694;1 789.804;1 785.694;2022.08.12 07:38:21;1 789.804;;;0.89;[sl]
2022.08.11 15:09:26;Buy;0.02;XAUUSDm;1 789.940;;;2022.08.12 07:00:26;1 792.848;;;5.82;
2022.08.11 14:30:00;Buy;0.01;XAUUSDm;1 794.861;;;2022.08.12 07:00:26;1 792.848;;;-2.01;
2022.08.12 04:00:00;Buy;0.01;XAUUSDm;1 791.258;1 791.924;1 796.258;2022.08.12 04:22:54;1 791.924;;;0.66;[sl]
2022.08.11 14:00:00;Buy;0.01;XAUUSDm;1 797.186;1 790.241;1 794.714;2022.08.12 03:33:08;1 790.241;;;-6.95;[sl]
2022.08.11 20:00:00;Buy;0.02;XAUUSDm;1 785.978;1 790.241;1 794.714;2022.08.12 03:33:07;1 790.241;;;8.52;
2022.08.11 13:00:00;Buy;0.01;XAUUSDm;1 796.913;1 798.685;1 801.913;2022.08.11 13:53:46;1 798.685;;;1.78;[sl]
2022.08.11 13:30:02;Buy;0.01;XAUUSDm;1 794.340;;;2022.08.11 13:41:11;1 794.950;;;0.61;
2022.08.11 12:00:01;Buy;0.01;XAUUSDm;1 795.044;1 795.921;1 800.044;2022.08.11 12:02:59;1 795.921;;;0.88;[sl]
2022.08.11 01:20:15;Buy;0.03;XAUUSDm;1 788.196;;;2022.08.11 11:34:09;1 793.578;;;16.14;
2022.08.10 18:18:45;Buy;0.02;XAUUSDm;1 793.424;;;2022.08.11 11:34:08;1 793.581;;;0.31;
2022.08.10 16:50:00;Buy;0.01;XAUUSDm;1 798.436;;;2022.08.11 11:34:08;1 793.613;;;-4.83;
2022.08.11 11:00:00;Buy;0.01;XAUUSDm;1 790.950;1 791.503;1 795.950;2022.08.11 11:10:37;1 791.503;;;0.55;[sl]
2022.08.11 10:00:00;Buy;0.01;XAUUSDm;1 790.413;1 791.173;1 795.413;2022.08.11 10:38:09;1 791.173;;;0.76;[sl]
2022.08.11 08:00:01;Buy;0.01;XAUUSDm;1 788.168;1 789.738;1 793.168;2022.08.11 09:02:28;1 789.738;;;1.57;[sl]
2022.08.11 06:00:00;Buy;0.01;XAUUSDm;1 786.660;1 787.774;1 791.660;2022.08.11 07:21:31;1 787.774;;;1.11;[sl]
2022.08.11 05:00:01;Sell;0.01;XAUUSDm;1 785.274;1 784.323;1 780.274;2022.08.11 05:27:01;1 784.323;;;0.95;[sl]
2022.08.11 03:00:00;Sell;0.01;XAUUSDm;1 785.331;1 784.721;1 780.331;2022.08.11 04:46:06;1 784.721;;;0.61;[sl]
2022.08.11 02:00:00;Sell;0.01;XAUUSDm;1 788.157;1 785.792;1 783.157;2022.08.11 02:06:43;1 785.792;;;2.37;[sl]
2022.08.11 01:00:01;Sell;0.01;XAUUSDm;1 790.362;1 789.433;1 785.362;2022.08.11 01:05:13;1 789.433;;;0.93;[sl]
2022.08.10 23:00:01;Sell;0.01;XAUUSDm;1 791.158;1 790.538;1 786.158;2022.08.11 00:28:00;1 790.538;;;0.62;[sl]
2022.08.10 20:00:00;Buy;0.01;XAUUSDm;1 790.369;1 791.310;1 795.369;2022.08.10 20:14:25;1 791.310;;;0.94;[sl]
2022.08.10 19:00:00;Sell;0.01;XAUUSDm;1 789.561;1 788.784;1 784.561;2022.08.10 19:16:04;1 788.784;;;0.78;[sl]
2022.08.10 15:00:00;Sell;0.02;XAUUSDm;1 801.867;1 794.614;1 792.268;2022.08.10 18:05:29;1 794.614;;;14.50;
2022.08.10 06:00:03;Sell;0.01;XAUUSDm;1 788.071;1 794.614;1 792.268;2022.08.10 18:05:29;1 794.614;;;-6.54;[sl]
2022.08.10 15:35:01;Buy;0.01;XAUUSDm;1 798.283;;;2022.08.10 16:41:45;1 799.568;;;1.29;
2022.08.10 15:20:00;Buy;0.01;XAUUSDm;1 798.563;;;2022.08.10 15:25:13;1 799.670;;;1.11;
2022.08.10 13:35:00;Buy;0.01;XAUUSDm;1 794.728;;;2022.08.10 13:46:42;1 796.243;;;1.51;
2022.08.10 08:55:01;Sell;0.01;XAUUSDm;1 792.530;;;2022.08.10 10:41:03;1 791.780;;;0.75;
2022.08.10 04:35:08;Buy;0.02;XAUUSDm;1 790.272;;;2022.08.10 08:53:20;1 792.604;;;4.67;
2022.08.09 17:35:01;Buy;0.01;XAUUSDm;1 795.380;;;2022.08.10 08:53:20;1 792.604;;;-2.78;
2022.08.09 13:00:00;Sell;0.02;XAUUSDm;1 793.909;1 789.090;1 784.866;2022.08.10 05:21:56;1 789.090;;;9.64;
2022.08.08 13:00:00;Sell;0.01;XAUUSDm;1 781.780;1 789.090;1 784.866;2022.08.10 05:21:56;1 789.090;;;-7.31;[sl]
2022.08.09 16:50:01;Buy;0.01;XAUUSDm;1 795.207;;;2022.08.09 17:16:25;1 795.968;;;0.76;
2022.08.09 14:35:01;Buy;0.01;XAUUSDm;1 795.264;;;2022.08.09 16:00:38;1 795.768;;;0.51;
2022.08.09 14:10:00;Buy;0.01;XAUUSDm;1 794.981;;;2022.08.09 14:12:50;1 796.387;;;1.41;
2022.08.09 12:35:01;Buy;0.01;XAUUSDm;1 790.596;;;2022.08.09 12:38:58;1 792.357;;;1.76;
2022.08.09 12:20:00;Buy;0.01;XAUUSDm;1 789.061;;;2022.08.09 12:20:45;1 790.808;;;1.75;
2022.08.09 09:50:00;Sell;0.01;XAUUSDm;1 789.858;;;2022.08.09 12:18:52;1 788.622;;;1.24;
2022.08.09 08:19:50;Sell;0.02;XAUUSDm;1 791.917;;;2022.08.09 09:34:19;1 789.305;;;5.22;
2022.08.09 08:00:02;Sell;0.01;XAUUSDm;1 786.994;;;2022.08.09 09:34:18;1 789.275;;;-2.29;
2022.08.09 07:10:03;Sell;0.01;XAUUSDm;1 786.157;;;2022.08.09 07:13:51;1 785.413;;;0.75;
2022.08.09 04:20:03;Sell;0.01;XAUUSDm;1 785.826;;;2022.08.09 06:24:19;1 784.849;;;0.98;
2022.08.08 18:50:01;Buy;0.01;XAUUSDm;1 787.941;;;2022.08.08 20:04:21;1 788.402;;;0.46;
2022.08.08 17:55:01;Buy;0.01;XAUUSDm;1 787.817;;;2022.08.08 18:44:00;1 788.827;;;1.01;
2022.08.08 16:40:01;Buy;0.01;XAUUSDm;1 786.945;;;2022.08.08 16:53:05;1 787.445;;;0.50;
2022.08.08 16:10:00;Buy;0.01;XAUUSDm;1 785.912;;;2022.08.08 16:18:31;1 787.397;;;1.49;
2022.08.08 13:37:52;Buy;0.01;XAUUSDm;1 782.508;;;2022.08.08 13:46:20;1 783.636;;;1.13;
2022.08.08 12:00:01;Buy;0.01;XAUUSDm;1 783.793;1 784.353;1 788.793;2022.08.08 12:03:53;1 784.353;;;0.56;[sl]
2022.08.08 11:00:00;Buy;0.01;XAUUSDm;1 780.104;1 782.565;1 785.104;2022.08.08 11:10:20;1 782.565;;;2.47;[sl]
2022.08.08 08:00:00;Buy;0.01;XAUUSDm;1 777.898;1 778.552;1 782.898;2022.08.08 10:40:38;1 778.552;;;0.65;[sl]
2022.08.05 15:00:00;Buy;0.01;XAUUSDm;1 777.975;1 778.624;1 782.975;2022.08.08 07:53:03;1 778.624;;;0.64;[sl]
2022.08.05 14:55:00;Sell;0.01;XAUUSDm;1 776.600;;;2022.08.05 15:04:00;1 775.650;;;0.95;
2022.08.05 14:30:00;Sell;0.01;XAUUSDm;1 776.868;;;2022.08.05 14:40:47;1 776.192;;;0.68;
2022.08.05 14:10:00;Sell;0.01;XAUUSDm;1 776.360;;;2022.08.05 14:25:52;1 775.670;;;0.69;
2022.08.05 13:00:01;Buy;0.02;XAUUSDm;1 769.430;1 778.524;1 782.948;2022.08.05 14:14:54;1 778.010;;;17.16;
2022.08.04 19:00:00;Buy;0.01;XAUUSDm;1 794.983;1 778.524;1 782.948;2022.08.05 14:14:54;1 778.010;;;-16.97;[sl]
2022.08.04 20:15:01;Buy;0.01;XAUUSDm;1 792.895;;;2022.08.05 00:22:00;1 793.414;;;0.51;
2022.08.04 19:35:00;Buy;0.01;XAUUSDm;1 792.572;;;2022.08.04 19:55:32;1 793.937;;;1.37;
2022.08.04 18:00:01;Buy;0.01;XAUUSDm;1 792.082;1 793.358;1 797.082;2022.08.04 18:11:15;1 793.358;;;1.28;[sl]
2022.08.04 17:00:00;Buy;0.01;XAUUSDm;1 790.630;1 791.133;1 795.630;2022.08.04 17:17:42;1 791.133;;;0.50;[sl]
2022.08.04 16:00:00;Buy;0.01;XAUUSDm;1 787.923;1 789.302;1 792.923;2022.08.04 16:15:41;1 789.302;;;1.38;[sl]
2022.08.04 15:00:01;Buy;0.01;XAUUSDm;1 785.968;1 786.807;1 790.968;2022.08.04 15:06:59;1 786.807;;;0.84;[sl]
2022.08.04 14:00:00;Buy;0.01;XAUUSDm;1 783.893;1 784.408;1 788.893;2022.08.04 14:06:11;1 784.408;;;0.52;[sl]
2022.08.04 13:30:00;Buy;0.01;XAUUSDm;1 776.663;;;2022.08.04 13:45:41;1 778.202;;;1.54;
2022.08.04 11:47:12;Sell;0.07;XAUUSDm;1 784.409;;;2022.08.04 13:26:07;1 775.690;;;61.03;
2022.08.04 08:56:35;Sell;0.04;XAUUSDm;1 776.613;;;2022.08.04 13:26:07;1 775.620;;;3.97;
2022.08.04 03:04:19;Sell;0.03;XAUUSDm;1 770.254;;;2022.08.04 13:26:06;1 775.620;;;-16.10;
2022.08.03 19:20:13;Sell;0.02;XAUUSDm;1 765.001;;;2022.08.04 13:26:06;1 775.629;;;-21.26;
2022.08.03 17:05:00;Sell;0.01;XAUUSDm;1 760.000;;;2022.08.04 13:26:06;1 775.629;;;-15.63;
2022.08.04 06:00:03;Sell;0.01;XAUUSDm;1 770.023;1 777.468;1 772.979;2022.08.04 13:17:00;1 777.468;;;-7.45;[sl]
2022.08.04 11:00:03;Sell;0.02;XAUUSDm;1 781.957;1 777.468;1 772.979;2022.08.04 13:16:59;1 777.468;;;8.97;
2022.08.04 05:00:01;Buy;0.01;XAUUSDm;1 771.154;1 773.213;1 776.154;2022.08.04 05:26:44;1 773.213;;;2.06;[sl]
2022.08.04 04:00:00;Buy;0.01;XAUUSDm;1 770.899;1 771.481;1 775.899;2022.08.04 04:10:03;1 771.481;;;0.58;[sl]
2022.08.04 02:00:00;Buy;0.01;XAUUSDm;1 768.330;1 770.970;1 773.330;2022.08.04 03:06:14;1 770.970;;;2.64;[sl]
2022.08.04 01:00:02;Buy;0.01;XAUUSDm;1 767.313;1 768.265;1 772.313;2022.08.04 01:20:53;1 768.265;;;0.96;[sl]
2022.08.03 20:00:00;Buy;0.01;XAUUSDm;1 765.420;1 766.202;1 770.420;2022.08.04 00:44:56;1 766.202;;;0.78;[sl]
2022.08.03 19:00:01;Buy;0.01;XAUUSDm;1 762.598;1 765.119;1 767.598;2022.08.03 19:31:56;1 765.119;;;2.52;[sl]
2022.08.03 15:00:01;Buy;0.02;XAUUSDm;1 757.575;1 762.963;1 767.437;2022.08.03 18:36:24;1 762.963;;;10.78;
2022.08.03 13:00:00;Buy;0.01;XAUUSDm;1 772.160;1 762.963;1 767.437;2022.08.03 18:36:24;1 762.963;;;-9.20;[sl]
2022.08.03 16:15:00;Sell;0.01;XAUUSDm;1 759.796;;;2022.08.03 16:49:11;1 758.867;;;0.93;
2022.08.03 12:33:22;Sell;0.02;XAUUSDm;1 771.440;;;2022.08.03 13:26:58;1 768.852;;;5.18;
2022.08.03 12:20:01;Sell;0.01;XAUUSDm;1 766.415;;;2022.08.03 13:26:57;1 768.852;;;-2.43;
2022.08.03 06:00:00;Buy;0.01;XAUUSDm;1 769.564;1 771.076;1 774.564;2022.08.03 12:33:49;1 771.076;;;1.52;[sl]
2022.08.03 11:05:00;Sell;0.01;XAUUSDm;1 764.646;;;2022.08.03 12:15:37;1 763.504;;;1.15;
2022.08.03 10:25:53;Buy;0.02;XAUUSDm;1 761.031;;;2022.08.03 11:03:02;1 764.585;;;7.11;
2022.08.03 09:20:00;Buy;0.01;XAUUSDm;1 766.052;;;2022.08.03 11:03:02;1 764.585;;;-1.46;
2022.08.03 08:40:01;Buy;0.01;XAUUSDm;1 764.964;;;2022.08.03 09:10:19;1 765.620;;;0.66;
2022.08.03 04:02:17;Sell;0.02;XAUUSDm;1 769.502;;;2022.08.03 08:38:20;1 765.416;;;8.17;
2022.08.03 02:55:01;Sell;0.01;XAUUSDm;1 764.490;;;2022.08.03 08:38:19;1 765.416;;;-0.93;
2022.08.02 18:00:00;Buy;0.02;XAUUSDm;1 770.448;1 770.096;1 774.152;2022.08.03 05:48:51;1 770.096;;;-0.71;
2022.08.02 23:00:01;Buy;0.02;XAUUSDm;1 759.818;1 770.096;1 774.152;2022.08.03 05:48:50;1 770.096;;;20.55;
2022.08.02 13:00:00;Buy;0.01;XAUUSDm;1 785.227;1 770.096;1 774.152;2022.08.03 05:48:50;1 770.096;;;-15.13;[sl]
2022.08.03 02:30:00;Sell;0.01;XAUUSDm;1 765.201;;;2022.08.03 02:53:46;1 764.270;;;0.93;
2022.08.03 02:15:01;Sell;0.01;XAUUSDm;1 766.023;;;2022.08.03 02:28:03;1 765.080;;;0.94;
2022.08.02 22:11:38;Buy;0.04;XAUUSDm;1 760.106;;;2022.08.03 02:13:04;1 766.359;;;25.02;
2022.08.02 18:52:09;Buy;0.03;XAUUSDm;1 766.412;;;2022.08.03 02:13:04;1 766.373;;;-0.12;
2022.08.02 17:36:21;Buy;0.02;XAUUSDm;1 771.711;;;2022.08.03 02:13:03;1 766.373;;;-10.67;
2022.08.02 17:10:00;Buy;0.01;XAUUSDm;1 776.694;;;2022.08.03 02:13:03;1 766.373;;;-10.32;
2022.08.02 16:50:00;Buy;0.01;XAUUSDm;1 775.802;;;2022.08.02 17:05:53;1 776.563;;;0.76;
2022.08.02 16:35:05;Buy;0.02;XAUUSDm;1 773.527;;;2022.08.02 16:49:20;1 775.782;;;4.51;
2022.08.02 15:55:01;Buy;0.01;XAUUSDm;1 778.621;;;2022.08.02 16:49:20;1 775.782;;;-2.84;
2022.08.02 15:20:02;Buy;0.01;XAUUSDm;1 778.917;;;2022.08.02 15:31:00;1 779.824;;;0.90;
2022.08.02 15:15:01;Buy;0.01;XAUUSDm;1 777.044;;;2022.08.02 15:16:00;1 778.157;;;1.12;
2022.08.02 15:05:01;Buy;0.01;XAUUSDm;1 776.877;;;2022.08.02 15:10:07;1 777.898;;;1.02;
2022.08.02 15:00:03;Buy;0.01;XAUUSDm;1 777.007;;;2022.08.02 15:00:43;1 777.673;;;0.66;
2022.08.02 01:00:00;Buy;0.01;XAUUSDm;1 780.700;1 782.360;1 785.700;2022.08.02 12:22:30;1 782.360;;;1.66;[sl]
2022.08.02 10:50:03;Buy;0.01;XAUUSDm;1 774.124;;;2022.08.02 11:03:33;1 775.585;;;1.47;
2022.08.02 07:10:00;Buy;0.01;XAUUSDm;1 773.836;;;2022.08.02 09:53:54;1 774.390;;;0.55;
2022.08.02 06:35:00;Buy;0.01;XAUUSDm;1 773.410;;;2022.08.02 06:44:14;1 775.397;;;1.99;
2022.08.02 05:47:47;Buy;0.02;XAUUSDm;1 771.594;;;2022.08.02 06:28:43;1 774.022;;;4.85;
2022.08.02 02:30:00;Buy;0.01;XAUUSDm;1 776.706;;;2022.08.02 06:28:42;1 773.991;;;-2.72;
2022.08.01 17:00:01;Buy;0.01;XAUUSDm;1 773.172;1 773.729;1 778.172;2022.08.02 00:22:29;1 773.729;;;0.56;[sl]
2022.08.01 17:15:02;Buy;0.01;XAUUSDm;1 770.293;;;2022.08.01 19:27:19;1 770.929;;;0.64;
2022.08.01 16:15:00;Buy;0.01;XAUUSDm;1 768.806;;;2022.08.01 16:25:02;1 770.448;;;1.64;
2022.08.01 16:00:01;Buy;0.01;XAUUSDm;1 768.831;1 769.403;1 773.831;2022.08.01 16:03:06;1 769.403;;;0.57;[sl]
2022.08.01 15:55:00;Buy;0.01;XAUUSDm;1 768.056;;;2022.08.01 16:03:04;1 769.398;;;1.34;
2022.08.01 15:00:05;Buy;0.01;XAUUSDm;1 768.644;;;2022.08.01 15:47:04;1 769.283;;;0.64;
2022.08.01 15:00:00;Sell;0.01;XAUUSDm;1 768.373;1 766.822;1 763.373;2022.08.01 15:05:32;1 766.822;;;1.55;[sl]
2022.08.01 13:00:00;Sell;0.01;XAUUSDm;1 769.337;1 768.803;1 764.337;2022.08.01 14:03:03;1 768.803;;;0.54;[sl]
2022.08.01 13:00:04;Buy;0.01;XAUUSDm;1 769.021;;;2022.08.01 13:01:50;1 770.242;;;1.22;
2022.08.01 12:35:01;Buy;0.01;XAUUSDm;1 768.451;;;2022.08.01 12:59:04;1 769.780;;;1.33;
2022.08.01 11:00:00;Sell;0.01;XAUUSDm;1 771.270;1 770.012;1 766.270;2022.08.01 12:33:34;1 770.012;;;1.26;[sl]
2022.08.01 12:10:01;Buy;0.01;XAUUSDm;1 770.465;;;2022.08.01 12:14:05;1 772.690;;;2.22;
2022.08.01 10:00:01;Buy;0.01;XAUUSDm;1 773.758;1 774.323;1 778.758;2022.08.01 10:27:16;1 774.323;;;0.56;[sl]
2022.08.01 09:00:03;Buy;0.01;XAUUSDm;1 765.733;1 766.490;1 770.733;2022.08.01 09:10:39;1 766.490;;;0.76;[sl]
2022.08.01 08:00:00;Buy;0.01;XAUUSDm;1 764.721;1 766.623;1 769.721;2022.08.01 08:34:12;1 766.623;;;1.90;[sl]
2022.08.01 03:00:00;Buy;0.01;XAUUSDm;1 764.861;1 765.694;1 769.861;2022.08.01 07:12:57;1 765.694;;;0.83;[sl]
2022.07.29 14:52:10;Sell;0.02;XAUUSDm;1 762.915;;;2022.08.01 04:43:06;1 760.551;;;4.73;
2022.07.29 14:30:01;Sell;0.01;XAUUSDm;1 757.878;;;2022.08.01 04:43:06;1 760.421;;;-2.54;
2022.08.01 02:00:00;Buy;0.01;XAUUSDm;1 763.682;1 764.416;1 768.682;2022.08.01 02:20:58;1 764.416;;;0.74;[sl]
2022.08.01 01:00:00;Buy;0.01;XAUUSDm;1 762.915;1 764.179;1 767.915;2022.08.01 01:30:50;1 764.179;;;1.26;[sl]
2022.08.01 00:00:00;Sell;0.01;XAUUSDm;1 762.174;1 761.199;1 757.174;2022.08.01 00:04:48;1 761.199;;;0.97;[sl]
2022.07.31 23:00:06;Sell;0.01;XAUUSDm;1 763.221;1 761.593;1 758.221;2022.07.31 23:45:08;1 761.593;;;1.63;[sl]
2022.07.31 12:03:49;Balance;;;;;;;;;;-166.79;
2022.07.29 12:13:11;Buy;0.02;XAUUSDm;1 756.571;;;2022.07.29 12:20:08;1 759.320;;;5.50;
2022.07.29 11:05:01;Buy;0.01;XAUUSDm;1 761.722;;;2022.07.29 12:20:07;1 759.320;;;-2.40;
2022.07.29 09:22:00;Buy;0.02;XAUUSDm;1 759.509;;;2022.07.29 10:45:45;1 762.518;;;6.02;
2022.07.29 08:10:01;Buy;0.01;XAUUSDm;1 764.426;;;2022.07.29 10:45:45;1 762.487;;;-1.94;
2022.07.29 07:45:01;Buy;0.01;XAUUSDm;1 764.797;;;2022.07.29 07:53:09;1 765.577;;;0.78;
2022.07.29 01:05:00;Buy;0.01;XAUUSDm;1 754.266;;;2022.07.29 03:01:59;1 755.644;;;1.37;
2022.07.28 17:30:00;Buy;0.01;XAUUSDm;1 752.786;;;2022.07.28 19:03:28;1 753.284;;;0.49;
2022.07.28 16:15:01;Buy;0.01;XAUUSDm;1 752.142;;;2022.07.28 16:41:00;1 752.632;;;0.49;
2022.07.28 10:46:47;Buy;0.02;XAUUSDm;1 739.077;;;2022.07.28 12:06:56;1 741.175;;;4.20;
2022.07.28 09:50:00;Buy;0.01;XAUUSDm;1 744.088;;;2022.07.28 12:06:55;1 741.175;;;-2.91;
2022.07.28 07:45:00;Buy;0.01;XAUUSDm;1 740.311;;;2022.07.28 08:01:29;1 743.714;;;3.40;
2022.07.28 07:35:01;Buy;0.01;XAUUSDm;1 740.137;;;2022.07.28 07:42:22;1 741.181;;;1.04;
2022.07.28 02:00:04;Buy;0.01;XAUUSDm;1 738.598;;;2022.07.28 06:19:27;1 739.442;;;0.84;
2022.07.28 01:00:04;Buy;0.01;XAUUSDm;1 736.743;;;2022.07.28 01:07:05;1 737.478;;;0.74;
2022.07.25 17:45:01;Sell;0.01;XAUUSDm;1 719.266;;;2022.07.25 18:36:15;1 718.515;;;0.75;
2022.07.25 17:30:01;Sell;0.01;XAUUSDm;1 720.926;;;2022.07.25 17:41:11;1 719.825;;;1.10;
2022.07.25 14:44:44;Buy;0.03;XAUUSDm;1 716.027;;;2022.07.25 17:29:18;1 720.091;;;12.19;
2022.07.25 13:37:37;Buy;0.02;XAUUSDm;1 721.251;;;2022.07.25 17:29:17;1 720.060;;;-2.38;
2022.07.25 12:00:02;Buy;0.01;XAUUSDm;1 726.537;;;2022.07.25 17:29:16;1 720.153;;;-6.39;
2022.07.22 18:23:58;Buy;0.03;XAUUSDm;1 720.715;;;2022.07.22 18:39:15;1 724.570;;;11.56;
2022.07.22 17:52:34;Buy;0.02;XAUUSDm;1 725.914;;;2022.07.22 18:39:15;1 724.570;;;-2.69;
2022.07.22 15:35:01;Buy;0.01;XAUUSDm;1 731.036;;;2022.07.22 18:39:14;1 724.593;;;-6.45;
2022.07.22 11:36:09;Sell;0.03;XAUUSDm;1 726.974;;;2022.07.22 13:30:30;1 722.618;;;13.07;
2022.07.22 09:28:14;Sell;0.02;XAUUSDm;1 721.731;;;2022.07.22 13:30:29;1 722.631;;;-1.80;
2022.07.22 08:05:00;Sell;0.01;XAUUSDm;1 717.582;;;2022.07.22 13:30:29;1 722.631;;;-5.05;
2022.07.22 06:35:01;Sell;0.01;XAUUSDm;1 717.743;;;2022.07.22 07:38:18;1 716.548;;;1.19;
2022.07.22 06:31:40;Sell;0.01;XAUUSDm;1 718.957;;;2022.07.22 06:34:45;1 718.115;;;0.84;
2022.07.22 01:00:04;Buy;0.01;XAUUSDm;1 717.108;;;2022.07.22 06:26:25;1 717.789;;;0.68;
2022.07.21 13:55:50;Sell;0.03;XAUUSDm;1 708.796;;;2022.07.21 14:15:26;1 704.374;;;13.27;
2022.07.21 13:38:57;Sell;0.02;XAUUSDm;1 703.534;;;2022.07.21 14:15:25;1 704.421;;;-1.77;
2022.07.21 13:30:01;Sell;0.01;XAUUSDm;1 698.539;;;2022.07.21 14:15:24;1 704.454;;;-5.91;
2022.07.21 13:02:16;Sell;0.07;XAUUSDm;1 707.910;;;2022.07.21 13:25:18;1 699.069;;;61.89;
2022.07.21 12:43:45;Sell;0.04;XAUUSDm;1 700.245;;;2022.07.21 13:25:17;1 699.164;;;4.32;
2022.07.21 12:35:07;Sell;0.03;XAUUSDm;1 694.011;;;2022.07.21 13:25:17;1 699.317;;;-15.92;
2022.07.21 12:20:28;Sell;0.02;XAUUSDm;1 688.674;;;2022.07.21 13:25:16;1 699.205;;;-21.06;
2022.07.21 11:45:01;Sell;0.01;XAUUSDm;1 683.537;;;2022.07.21 13:25:16;1 699.239;;;-15.70;
2022.07.21 07:25:50;Sell;0.01;XAUUSDm;1 690.055;;;2022.07.21 07:52:10;1 689.300;;;0.76;
2022.07.21 04:26:15;Sell;0.01;XAUUSDm;1 692.402;;;2022.07.21 06:27:46;1 690.357;;;2.04;
2022.07.21 03:10:01;Sell;0.01;XAUUSDm;1 693.164;;;2022.07.21 03:23:10;1 692.415;;;0.74;
2022.07.20 18:00:00;Sell;0.01;XAUUSDm;1 700.119;;1 695.119;2022.07.20 19:21:34;1 700.092;;;0.03;
2022.07.20 17:00:01;Sell;0.01;XAUUSDm;1 702.856;1 700.663;1 697.856;2022.07.20 17:59:06;1 700.663;;;2.20;[sl]
2022.07.20 07:00:00;Sell;0.01;XAUUSDm;1 707.252;1 704.727;1 702.252;2022.07.20 16:44:52;1 704.727;;;2.52;[sl]
2022.07.20 06:30:00;Sell;0.01;XAUUSDm;1 707.357;1 706.649;1 702.357;2022.07.20 06:36:59;1 706.649;;;0.71;[sl]
2022.07.20 06:00:03;Sell;0.01;XAUUSDm;1 708.486;1 707.466;1 703.486;2022.07.20 06:12:05;1 707.466;;;1.02;[sl]
2022.07.19 12:30:03;Sell;0.01;XAUUSDm;1 709.506;1 709.005;1 704.506;2022.07.20 05:50:11;1 709.005;;;0.50;[sl]
2022.07.19 11:00:00;Sell;0.02;XAUUSDm;1 717.092;1 709.271;1 708.460;2022.07.19 12:26:06;1 709.271;;;15.64;[sl]
2022.07.19 00:30:00;Sell;0.01;XAUUSDm;1 706.195;1 709.271;1 708.460;2022.07.19 12:26:05;1 709.271;;;-3.07;[sl]
2022.07.18 19:00:01;Sell;0.01;XAUUSDm;1 707.580;1 706.018;1 702.580;2022.07.19 00:26:30;1 706.018;;;1.56;[sl]
2022.07.18 15:30:00;Sell;0.01;XAUUSDm;1 709.814;1 709.279;1 704.814;2022.07.18 18:52:28;1 709.279;;;0.53;[sl]
2022.07.18 01:30:01;Sell;0.02;XAUUSDm;1 714.380;1 709.553;1 705.805;2022.07.18 15:29:51;1 709.553;;;9.65;[sl]
2022.07.15 16:30:00;Sell;0.01;XAUUSDm;1 703.656;1 709.553;1 705.805;2022.07.18 15:29:51;1 709.553;;;-5.89;[sl]
2022.07.15 16:00:01;Sell;0.01;XAUUSDm;1 704.755;1 703.827;1 699.755;2022.07.15 16:17:07;1 703.827;;;0.93;[sl]
2022.07.15 14:30:01;Buy;0.01;XAUUSDm;1 706.066;1 707.745;1 711.066;2022.07.15 15:30:01;1 707.745;;;1.68;[sl]
2022.07.15 14:00:04;Sell;0.01;XAUUSDm;1 705.377;1 704.748;1 700.377;2022.07.15 14:13:08;1 704.748;;;0.63;[sl]
2022.07.15 13:30:00;Sell;0.01;XAUUSDm;1 706.385;1 705.883;1 701.385;2022.07.15 13:35:39;1 705.883;;;0.51;[sl]
2022.07.15 13:00:00;Buy;0.01;XAUUSDm;1 707.692;1 708.728;1 712.692;2022.07.15 13:00:32;1 708.728;;;1.04;[sl]
2022.07.15 06:30:01;Buy;0.02;XAUUSDm;1 704.843;1 709.220;1 713.321;2022.07.15 12:38:12;1 709.220;;;8.75;
2022.07.15 02:30:01;Buy;0.01;XAUUSDm;1 715.276;1 709.220;1 713.321;2022.07.15 12:38:12;1 709.220;;;-6.06;[sl]
2022.07.14 14:00:01;Buy;0.03;XAUUSDm;1 702.587;1 715.701;1 719.917;2022.07.15 02:17:58;1 715.701;;;39.34;
2022.07.14 10:30:01;Buy;0.02;XAUUSDm;1 713.661;1 715.701;1 719.917;2022.07.15 02:17:57;1 715.701;;;4.08;
2022.07.14 06:30:01;Buy;0.02;XAUUSDm;1 724.397;1 715.701;1 719.917;2022.07.15 02:17:57;1 715.701;;;-17.39;
2022.07.13 20:30:02;Buy;0.01;XAUUSDm;1 735.462;1 715.701;1 719.917;2022.07.15 02:17:57;1 715.701;;;-19.76;[sl]
2022.07.13 19:30:01;Sell;0.01;XAUUSDm;1 733.237;1 732.679;1 728.237;2022.07.13 20:14:51;1 732.679;;;0.56;[sl]
2022.07.13 19:00:01;Sell;0.01;XAUUSDm;1 734.862;1 734.212;1 729.862;2022.07.13 19:09:48;1 734.212;;;0.65;[sl]
2022.07.13 18:30:01;Sell;0.01;XAUUSDm;1 737.070;1 734.765;1 732.070;2022.07.13 18:57:05;1 734.765;;;2.30;[sl]
2022.07.13 17:30:01;Sell;0.01;XAUUSDm;1 737.006;1 736.312;1 732.006;2022.07.13 18:05:10;1 736.312;;;0.70;[sl]
2022.07.13 16:30:00;Buy;0.01;XAUUSDm;1 738.193;1 739.389;1 743.193;2022.07.13 17:15:50;1 739.389;;;1.20;[sl]
2022.07.13 16:00:01;Sell;0.01;XAUUSDm;1 737.658;1 736.989;1 732.658;2022.07.13 16:04:16;1 736.989;;;0.67;[sl]
2022.07.13 15:30:00;Sell;0.01;XAUUSDm;1 738.747;1 737.984;1 733.747;2022.07.13 15:44:42;1 737.984;;;0.77;[sl]
2022.07.13 15:00:00;Buy;0.01;XAUUSDm;1 742.490;1 743.160;1 747.490;2022.07.13 15:00:32;1 743.160;;;0.67;[sl]
2022.07.13 14:30:03;Buy;0.01;XAUUSDm;1 727.750;1 728.395;1 732.750;2022.07.13 14:32:48;1 728.395;;;0.65;[sl]
2022.07.13 14:00:03;Buy;0.01;XAUUSDm;1 723.367;1 724.638;1 728.367;2022.07.13 14:02:37;1 724.638;;;1.27;[sl]
2022.07.13 13:30:01;Buy;0.01;XAUUSDm;1 718.262;1 718.793;1 723.262;2022.07.13 13:32:30;1 718.793;;;0.53;[sl]
2022.07.13 13:00:01;Buy;0.02;XAUUSDm;1 712.803;1 719.356;1 723.626;2022.07.13 13:12:56;1 719.356;;;13.10;
2022.07.13 11:30:00;Buy;0.01;XAUUSDm;1 730.271;1 719.356;1 723.626;2022.07.13 13:12:56;1 719.356;;;-10.91;[sl]
2022.07.12 17:30:00;Buy;0.02;XAUUSDm;1 726.528;1 731.299;1 735.520;2022.07.13 11:21:45;1 731.299;;;9.54;
2022.07.12 11:30:01;Buy;0.01;XAUUSDm;1 738.503;1 731.299;1 735.520;2022.07.13 11:21:45;1 731.299;;;-7.20;[sl]
2022.07.12 11:00:00;Buy;0.01;XAUUSDm;1 734.282;1 738.288;1 739.282;2022.07.12 11:21:52;1 738.288;;;4.01;[sl]
2022.07.12 09:00:04;Sell;0.01;XAUUSDm;1 734.615;1 732.236;1 729.615;2022.07.12 10:33:11;1 732.236;;;2.38;[sl]
2022.07.12 08:30:01;Buy;0.01;XAUUSDm;1 735.082;1 736.554;1 740.082;2022.07.12 08:35:24;1 736.554;;;1.47;[sl]
2022.07.12 08:00:00;Sell;0.01;XAUUSDm;1 734.336;1 733.203;1 729.336;2022.07.12 08:09:02;1 733.203;;;1.14;[sl]
2022.07.12 02:30:01;Buy;0.01;XAUUSDm;1 735.134;1 736.082;1 740.134;2022.07.12 07:32:48;1 736.082;;;0.95;[sl]
2022.07.12 02:00:00;Buy;0.01;XAUUSDm;1 734.824;1 736.519;1 739.824;2022.07.12 02:16:21;1 736.519;;;1.70;[sl]
2022.07.11 17:30:01;Buy;0.02;XAUUSDm;1 733.877;1 737.758;1 742.239;2022.07.12 01:30:34;1 742.239;;;16.73;[tp]
2022.07.08 17:30:01;Buy;0.01;XAUUSDm;1 743.964;1 737.758;1 742.239;2022.07.12 01:30:34;1 742.239;;;-1.72;[tp]
2022.07.08 17:00:00;Buy;0.01;XAUUSDm;1 742.511;1 743.241;1 747.511;2022.07.08 17:27:38;1 743.241;;;0.73;[sl]
2022.07.08 16:00:00;Sell;0.01;XAUUSDm;1 742.548;1 741.580;1 737.548;2022.07.08 16:35:23;1 741.580;;;0.97;[sl]
2022.07.08 14:00:00;Sell;0.01;XAUUSDm;1 736.902;1 743.053;1 739.257;2022.07.08 15:58:20;1 743.053;;;-6.15;[sl]
2022.07.08 15:00:01;Sell;0.02;XAUUSDm;1 747.934;1 743.053;1 739.257;2022.07.08 15:58:19;1 743.053;;;9.76;[sl]
2022.07.08 13:00:00;Sell;0.01;XAUUSDm;1 738.631;1 737.786;1 733.631;2022.07.08 13:49:41;1 737.786;;;0.84;[sl]
2022.07.08 12:30:03;Buy;0.01;XAUUSDm;1 741.079;1 741.597;1 746.079;2022.07.08 12:34:51;1 741.124;;;0.04;[sl]
2022.07.08 11:00:00;Buy;0.01;XAUUSDm;1 741.248;1 741.999;1 746.248;2022.07.08 12:06:31;1 741.999;;;0.75;[sl]
2022.07.08 09:00:00;Buy;0.01;XAUUSDm;1 738.035;1 741.517;1 743.035;2022.07.08 10:33:10;1 741.517;;;3.48;[sl]
2022.07.08 08:00:00;Sell;0.01;XAUUSDm;1 736.490;1 735.635;1 731.490;2022.07.08 08:53:38;1 735.635;;;0.85;[sl]
2022.07.08 07:30:00;Sell;0.01;XAUUSDm;1 739.911;1 735.521;1 734.911;2022.07.08 07:40:10;1 734.911;;;5.00;[tp]
2022.07.08 04:30:00;Sell;0.01;XAUUSDm;1 740.418;1 739.540;1 735.418;2022.07.08 07:28:03;1 739.540;;;0.88;[sl]
2022.07.08 03:30:00;Sell;0.01;XAUUSDm;1 741.899;1 740.278;1 736.899;2022.07.08 04:26:18;1 740.278;;;1.62;[sl]
2022.07.08 02:00:01;Sell;0.01;XAUUSDm;1 743.420;1 741.768;1 738.420;2022.07.08 03:05:00;1 741.768;;;1.65;[sl]
2022.07.08 01:30:00;Sell;0.01;XAUUSDm;1 744.294;1 743.144;1 739.294;2022.07.08 01:57:22;1 743.144;;;1.15;[sl]
2022.07.08 00:30:00;Buy;0.01;XAUUSDm;1 743.328;1 744.376;1 748.328;2022.07.08 01:00:51;1 744.376;;;1.05;[sl]
2022.07.07 19:30:01;Buy;0.01;XAUUSDm;1 740.728;1 741.541;1 745.728;2022.07.08 00:04:17;1 741.541;;;0.81;[sl]
2022.07.07 18:00:07;Sell;0.01;XAUUSDm;1 740.409;1 739.365;1 735.409;2022.07.07 19:17:57;1 739.365;;;1.04;[sl]
2022.07.07 15:30:00;Sell;0.01;XAUUSDm;1 740.620;1 739.835;1 735.620;2022.07.07 17:52:49;1 739.835;;;0.78;[sl]
2022.07.07 15:00:03;Sell;0.01;XAUUSDm;1 741.687;1 741.088;1 736.687;2022.07.07 15:24:25;1 741.088;;;0.60;[sl]
2022.07.07 14:30:01;Sell;0.01;XAUUSDm;1 743.974;1 743.362;1 738.974;2022.07.07 14:55:54;1 743.362;;;0.61;[sl]
2022.07.07 14:00:03;Buy;0.01;XAUUSDm;1 747.646;1 748.147;1 752.646;2022.07.07 14:00:59;1 747.702;;;0.05;[sl]
2022.07.07 06:00:03;Buy;0.01;XAUUSDm;1 746.673;1 747.176;1 751.673;2022.07.07 13:49:31;1 747.176;;;0.51;[sl]
2022.07.07 05:30:00;Buy;0.01;XAUUSDm;1 746.165;1 747.120;1 751.165;2022.07.07 05:38:00;1 747.120;;;0.95;[sl]
2022.07.07 04:30:01;Sell;0.01;XAUUSDm;1 745.244;1 744.702;1 740.244;2022.07.07 05:03:34;1 744.702;;;0.54;[sl]
2022.07.07 04:00:00;Buy;0.01;XAUUSDm;1 745.979;1 746.504;1 750.979;2022.07.07 04:19:41;1 746.504;;;0.52;[sl]
2022.07.07 03:37:01;Buy;0.01;XAUUSDm;1 745.859;1 746.414;1 750.859;2022.07.07 03:46:46;1 746.414;;;0.55;[sl]
2022.07.07 03:17:47;Balance;;;;;;;;;;311.68;
2022.07.05 09:00:00;Buy;0.02;XAUUSDm;1 801.141;;1 774.613;2022.07.06 15:32:01;1 739.608;;;-123.06;
2022.07.05 02:00:00;Buy;0.01;XAUUSDm;1 811.842;;1 774.613;2022.07.06 15:32:01;1 739.541;;;-72.30;
2022.07.05 15:00:00;Buy;0.03;XAUUSDm;1 767.715;;1 774.613;2022.07.06 15:32:00;1 739.701;;;-84.05;
2022.07.05 14:00:00;Buy;0.02;XAUUSDm;1 784.271;;1 774.613;2022.07.06 15:32:00;1 739.701;;;-89.14;
2022.07.06 15:00:00;Buy;0.05;XAUUSDm;1 743.832;;1 774.613;2022.07.06 15:31:59;1 739.722;;;-20.55;
2022.07.06 12:55:00;Sell;0.01;XAUUSDm;1 765.521;;;2022.07.06 13:01:01;1 764.383;;;1.14;
2022.07.06 08:40:00;Buy;0.01;XAUUSDm;1 766.908;;;2022.07.06 12:52:43;1 767.126;;;0.22;
2022.07.06 08:00:01;Buy;0.01;XAUUSDm;1 768.005;;;2022.07.06 08:08:58;1 769.453;;;1.44;
2022.07.06 04:05:00;Buy;0.01;XAUUSDm;1 769.102;;;2022.07.06 07:17:53;1 769.436;;;0.34;
2022.07.06 02:10:01;Sell;0.01;XAUUSDm;1 770.377;;;2022.07.06 04:03:23;1 769.825;;;0.55;
2022.07.06 01:35:01;Sell;0.01;XAUUSDm;1 770.165;;;2022.07.06 01:53:00;1 768.983;;;1.19;
2022.07.06 01:00:03;Sell;0.01;XAUUSDm;1 771.475;;;2022.07.06 01:30:04;1 769.433;;;2.05;
2022.07.05 20:05:02;Sell;0.01;XAUUSDm;1 767.182;;;2022.07.05 20:30:07;1 765.928;;;1.25;
2022.07.05 19:45:01;Sell;0.01;XAUUSDm;1 767.476;;;2022.07.05 19:56:09;1 766.680;;;0.80;
2022.07.05 19:10:00;Sell;0.01;XAUUSDm;1 767.729;;;2022.07.05 19:39:48;1 766.351;;;1.38;
2022.07.05 18:30:00;Sell;0.01;XAUUSDm;1 767.984;;;2022.07.05 19:01:39;1 766.038;;;1.94;
2022.07.05 12:30:00;Sell;0.01;XAUUSDm;1 800.501;;;2022.07.05 12:43:43;1 799.722;;;0.78;
2022.07.05 12:20:02;Sell;0.01;XAUUSDm;1 804.020;;;2022.07.05 12:21:12;1 801.843;;;2.18;
2022.07.05 11:15:17;Buy;0.02;XAUUSDm;1 800.113;;;2022.07.05 12:19:58;1 803.930;;;7.63;
2022.07.05 07:15:01;Buy;0.01;XAUUSDm;1 808.246;;;2022.07.05 12:19:58;1 803.928;;;-4.32;
2022.07.05 01:25:01;Sell;0.01;XAUUSDm;1 808.970;;;2022.07.05 07:11:26;1 807.768;;;1.20;
2022.07.05 00:00:01;Buy;0.01;XAUUSDm;1 809.487;1 810.717;1 814.487;2022.07.05 01:41:31;1 810.717;;;1.23;[sl]
2022.07.05 01:10:01;Sell;0.01;XAUUSDm;1 810.029;;;2022.07.05 01:22:51;1 809.010;;;1.02;
2022.07.01 11:00:00;Buy;0.02;XAUUSDm;1 790.110;1 801.296;1 804.587;2022.07.01 14:16:01;1 801.296;;;22.37;
2022.07.01 04:00:00;Buy;0.02;XAUUSDm;1 801.652;1 801.296;1 804.587;2022.07.01 14:16:01;1 801.296;;;-0.71;
2022.06.30 16:00:01;Buy;0.01;XAUUSDm;1 814.410;1 801.296;1 804.587;2022.07.01 14:16:01;1 801.296;;;-13.11;[sl]
2022.07.01 13:00:01;Sell;0.01;XAUUSDm;1 789.799;;;2022.07.01 13:01:34;1 789.014;;;0.79;
2022.07.01 12:00:06;Sell;0.01;XAUUSDm;1 789.799;;;2022.07.01 12:09:18;1 789.078;;;0.72;
2022.07.01 09:10:00;Sell;0.01;XAUUSDm;1 795.351;;;2022.07.01 10:05:56;1 794.338;;;1.01;
2022.07.01 04:50:00;Sell;0.01;XAUUSDm;1 802.958;;;2022.07.01 05:11:22;1 802.166;;;0.79;
2022.07.01 02:20:00;Sell;0.01;XAUUSDm;1 805.689;;;2022.07.01 02:58:56;1 804.761;;;0.93;
2022.07.01 01:40:01;Sell;0.01;XAUUSDm;1 806.066;;;2022.07.01 01:49:31;1 805.166;;;0.90;
2022.07.01 01:10:00;Sell;0.01;XAUUSDm;1 806.026;;;2022.07.01 01:32:49;1 805.289;;;0.74;
2022.07.01 01:00:04;Sell;0.01;XAUUSDm;1 806.131;;;2022.07.01 01:03:35;1 805.487;;;0.64;
2022.06.30 20:30:00;Sell;0.01;XAUUSDm;1 807.539;;;2022.06.30 22:12:10;1 805.664;;;1.88;
2022.06.30 19:35:00;Sell;0.01;XAUUSDm;1 808.127;;;2022.06.30 19:53:48;1 807.209;;;0.92;
2022.06.30 16:55:00;Sell;0.01;XAUUSDm;1 811.087;;;2022.06.30 16:59:48;1 810.200;;;0.89;
2022.06.30 15:45:01;Sell;0.01;XAUUSDm;1 810.476;;;2022.06.30 16:43:33;1 809.283;;;1.20;
2022.06.30 15:00:00;Sell;0.01;XAUUSDm;1 809.098;1 807.746;1 804.098;2022.06.30 15:02:52;1 807.746;;;1.35;[sl]
2022.06.30 14:15:00;Sell;0.01;XAUUSDm;1 815.370;;;2022.06.30 14:16:50;1 814.384;;;0.99;
2022.06.30 13:45:01;Sell;0.01;XAUUSDm;1 816.608;;;2022.06.30 14:13:12;1 815.798;;;0.81;
2022.06.30 14:00:00;Sell;0.01;XAUUSDm;1 816.955;1 816.266;1 811.955;2022.06.30 14:10:26;1 816.266;;;0.69;[sl]
2022.06.30 13:30:03;Sell;0.01;XAUUSDm;1 818.010;;;2022.06.30 13:40:33;1 817.190;;;0.82;
2022.06.30 13:00:00;Buy;0.01;XAUUSDm;1 822.642;1 824.291;1 827.642;2022.06.30 13:01:10;1 823.375;;;0.74;[sl]
2022.06.30 12:00:03;Buy;0.02;XAUUSDm;1 804.815;1 815.798;1 819.951;2022.06.30 12:42:38;1 819.951;;;30.27;
2022.06.29 14:00:01;Buy;0.02;XAUUSDm;1 816.715;1 815.798;1 819.951;2022.06.30 12:42:38;1 819.951;;;6.47;
2022.06.29 13:00:01;Buy;0.01;XAUUSDm;1 831.697;;1 819.951;2022.06.30 12:42:38;1 819.951;;;-11.75;[tp]
2022.06.30 09:10:00;Sell;0.01;XAUUSDm;1 815.603;;;2022.06.30 09:19:40;1 814.157;;;1.44;
2022.06.30 08:50:01;Sell;0.01;XAUUSDm;1 816.080;;;2022.06.30 09:08:27;1 815.434;;;0.65;
2022.06.30 07:15:01;Sell;0.01;XAUUSDm;1 816.907;;;2022.06.30 07:41:24;1 815.301;;;1.61;
2022.06.30 06:40:01;Sell;0.01;XAUUSDm;1 817.267;;;2022.06.30 07:03:04;1 816.564;;;0.71;
2022.06.30 06:05:04;Sell;0.01;XAUUSDm;1 816.773;;;2022.06.30 06:31:41;1 816.126;;;0.64;
2022.06.30 04:17:45;Balance;;;;;;;;;;-215.11;
2022.06.30 01:10:04;Sell;0.01;XAUUSDm;1 819.017;;;2022.06.30 03:48:17;1 817.954;;;1.07;
2022.06.30 01:00:02;Sell;0.01;XAUUSDm;1 819.347;;;2022.06.30 01:03:49;1 818.656;;;0.69;
2022.06.29 16:40:00;Buy;0.01;XAUUSDm;1 818.643;;;2022.06.30 00:54:04;1 820.091;;;1.45;
2022.06.29 14:15:01;Buy;0.01;XAUUSDm;1 818.391;;;2022.06.29 16:25:01;1 819.056;;;0.67;
2022.06.29 14:05:00;Buy;0.01;XAUUSDm;1 817.665;;;2022.06.29 14:12:18;1 819.625;;;1.96;
2022.06.29 14:00:06;Buy;0.01;XAUUSDm;1 816.790;;;2022.06.29 14:00:41;1 817.442;;;0.65;
2022.06.29 12:13:51;Sell;0.02;XAUUSDm;1 827.663;;;2022.06.29 13:43:29;1 824.030;;;7.27;
2022.06.29 10:35:01;Sell;0.01;XAUUSDm;1 819.606;;;2022.06.29 13:43:28;1 823.829;;;-4.22;
2022.06.29 00:00:01;Buy;0.02;XAUUSDm;1 818.547;1 827.644;1 831.956;2022.06.29 12:27:27;1 827.644;;;18.20;
2022.06.27 14:00:03;Buy;0.02;XAUUSDm;1 828.940;1 827.644;1 831.956;2022.06.29 12:27:27;1 827.644;;;-2.59;
2022.06.27 09:00:01;Buy;0.01;XAUUSDm;1 839.805;1 827.644;1 831.956;2022.06.29 12:27:27;1 827.644;;;-12.17;[sl]
2022.06.29 06:55:00;Buy;0.01;XAUUSDm;1 817.937;;;2022.06.29 10:30:49;1 819.124;;;1.18;
2022.06.29 06:45:01;Buy;0.01;XAUUSDm;1 816.800;;;2022.06.29 06:52:02;1 817.602;;;0.80;
2022.06.29 01:00:02;Sell;0.01;XAUUSDm;1 819.608;;;2022.06.29 06:40:21;1 816.290;;;3.32;
2022.06.28 20:15:00;Sell;0.01;XAUUSDm;1 820.228;;;2022.06.28 23:03:37;1 819.516;;;0.71;
2022.06.28 19:05:01;Sell;0.01;XAUUSDm;1 820.402;;;2022.06.28 19:49:07;1 819.509;;;0.89;
2022.06.28 18:00:03;Sell;0.01;XAUUSDm;1 821.273;;;2022.06.28 18:11:24;1 820.442;;;0.83;
2022.06.28 17:00:02;Sell;0.01;XAUUSDm;1 821.608;;;2022.06.28 17:29:14;1 820.405;;;1.20;
2022.06.28 16:25:01;Sell;0.01;XAUUSDm;1 821.721;;;2022.06.28 16:51:20;1 821.171;;;0.55;
2022.06.28 16:10:01;Sell;0.01;XAUUSDm;1 823.186;;;2022.06.28 16:20:10;1 822.111;;;1.08;
2022.06.28 13:47:20;Buy;0.02;XAUUSDm;1 819.496;;;2022.06.28 14:15:19;1 822.596;;;6.20;
2022.06.28 08:50:01;Buy;0.01;XAUUSDm;1 827.594;;;2022.06.28 14:15:18;1 822.628;;;-4.96;
2022.06.28 08:00:01;Buy;0.01;XAUUSDm;1 827.108;;;2022.06.28 08:10:40;1 827.672;;;0.56;
2022.06.28 07:45:03;Buy;0.01;XAUUSDm;1 826.896;;;2022.06.28 07:56:24;1 827.552;;;0.65;
2022.06.28 07:15:00;Buy;0.01;XAUUSDm;1 826.972;;;2022.06.28 07:39:32;1 827.501;;;0.53;
2022.06.27 14:39:34;Buy;0.02;XAUUSDm;1 825.185;;;2022.06.28 06:45:51;1 828.540;;;6.71;
2022.06.27 13:10:00;Buy;0.01;XAUUSDm;1 833.237;;;2022.06.28 06:45:50;1 828.540;;;-4.70;
2022.06.27 12:22:26;Buy;0.02;XAUUSDm;1 830.197;;;2022.06.27 13:05:05;1 833.252;;;6.11;
2022.06.27 10:55:01;Buy;0.01;XAUUSDm;1 838.195;;;2022.06.27 13:05:04;1 833.255;;;-4.94;
2022.06.27 10:30:00;Buy;0.01;XAUUSDm;1 837.468;;;2022.06.27 10:40:19;1 839.313;;;1.84;
2022.06.27 10:10:00;Buy;0.01;XAUUSDm;1 838.003;;;2022.06.27 10:16:43;1 838.515;;;0.52;
2022.06.27 10:00:01;Buy;0.01;XAUUSDm;1 837.562;;;2022.06.27 10:05:33;1 838.471;;;0.91;
2022.06.27 09:10:00;Buy;0.01;XAUUSDm;1 837.564;;;2022.06.27 09:22:07;1 838.351;;;0.79;
2022.06.27 08:00:03;Buy;0.01;XAUUSDm;1 835.404;;;2022.06.27 08:29:02;1 838.275;;;2.88;
2022.06.27 06:00:00;Sell;0.01;XAUUSDm;1 835.418;1 834.523;1 830.418;2022.06.27 08:20:28;1 834.523;;;0.90;[sl]
2022.06.27 03:00:00;Buy;0.01;XAUUSDm;1 835.752;1 836.422;1 840.752;2022.06.27 05:30:10;1 836.422;;;0.67;[sl]
2022.06.27 02:00:01;Buy;0.01;XAUUSDm;1 834.826;1 835.682;1 839.826;2022.06.27 02:28:05;1 835.682;;;0.85;[sl]
2022.06.26 23:00:00;Buy;0.01;XAUUSDm;1 833.945;1 835.678;1 838.945;2022.06.27 01:37:38;1 835.678;;;1.73;[sl]
2022.06.23 22:01:18;Buy;0.02;XAUUSDm;1 823.319;1 835.768;1 836.583;2022.06.26 22:05:14;1 835.768;;;24.90;
2022.06.23 16:00:00;Buy;0.02;XAUUSDm;1 833.398;1 835.768;1 836.583;2022.06.26 22:05:14;1 835.768;;;4.74;
2022.06.23 14:00:01;Buy;0.01;XAUUSDm;1 844.481;1 835.768;1 836.583;2022.06.26 22:05:14;1 835.768;;;-8.71;[sl]
2022.06.23 11:00:00;Buy;0.02;XAUUSDm;1 829.621;1 834.365;1 838.317;2022.06.23 13:03:37;1 834.365;;;9.49;
2022.06.22 18:00:02;Buy;0.01;XAUUSDm;1 840.709;1 834.365;1 838.317;2022.06.23 13:03:37;1 834.365;;;-6.34;[sl]
2022.06.22 17:00:01;Buy;0.01;XAUUSDm;1 838.581;1 840.078;1 843.581;2022.06.22 17:54:15;1 840.078;;;1.50;[sl]
2022.06.22 16:00:01;Sell;0.01;XAUUSDm;1 837.919;1 837.390;1 832.919;2022.06.22 16:09:25;1 837.390;;;0.53;[sl]
2022.06.22 15:00:01;Sell;0.01;XAUUSDm;1 840.097;1 839.323;1 835.097;2022.06.22 15:04:29;1 839.323;;;0.78;[sl]
2022.06.22 14:00:04;Sell;0.01;XAUUSDm;1 844.814;1 843.934;1 839.814;2022.06.22 14:01:27;1 843.934;;;0.88;[sl]
2022.06.22 13:00:01;Buy;0.01;XAUUSDm;1 844.890;1 845.403;1 849.890;2022.06.22 13:54:34;1 845.403;;;0.51;[sl]
2022.06.22 12:00:03;Buy;0.01;XAUUSDm;1 837.283;1 838.003;1 842.283;2022.06.22 12:02:29;1 837.546;;;0.27;[sl]
2022.06.22 01:00:00;Buy;0.02;XAUUSDm;1 828.634;1 834.020;1 837.404;2022.06.22 11:04:37;1 834.020;;;10.77;
2022.06.21 15:00:01;Buy;0.01;XAUUSDm;1 839.945;1 834.020;1 837.404;2022.06.22 11:04:37;1 834.020;;;-5.93;[sl]
2022.06.21 02:00:00;Buy;0.01;XAUUSDm;1 841.611;1 843.080;1 846.611;2022.06.21 14:39:01;1 843.080;;;1.47;[sl]
2022.06.21 01:00:01;Buy;0.01;XAUUSDm;1 841.198;1 841.839;1 846.198;2022.06.21 01:21:11;1 841.839;;;0.64;[sl]
2022.06.21 00:00:00;Buy;0.01;XAUUSDm;1 839.174;1 839.921;1 844.174;2022.06.21 00:26:44;1 839.921;;;0.75;[sl]
2022.06.20 15:00:01;Sell;0.01;XAUUSDm;1 838.263;1 837.753;1 833.263;2022.06.20 15:09:58;1 837.753;;;0.51;[sl]
2022.06.20 12:00:02;Sell;0.01;XAUUSDm;1 838.361;1 837.151;1 833.361;2022.06.20 14:00:45;1 837.151;;;1.21;[sl]
2022.06.20 11:00:01;Sell;0.01;XAUUSDm;1 839.006;1 838.311;1 834.006;2022.06.20 11:31:16;1 838.311;;;0.70;[sl]
2022.06.20 08:00:01;Sell;0.01;XAUUSDm;1 839.982;1 837.150;1 834.982;2022.06.20 10:08:44;1 837.150;;;2.83;[sl]
2022.06.20 07:00:02;Buy;0.01;XAUUSDm;1 843.075;1 843.615;1 848.075;2022.06.20 07:03:08;1 843.615;;;0.54;[sl]
2022.06.20 06:00:00;Sell;0.01;XAUUSDm;1 842.496;1 841.762;1 837.496;2022.06.20 06:04:31;1 841.762;;;0.74;[sl]
2022.06.20 05:00:00;Sell;0.01;XAUUSDm;1 843.368;1 842.457;1 838.368;2022.06.20 05:44:38;1 842.457;;;0.91;[sl]
2022.06.20 04:00:02;Buy;0.01;XAUUSDm;1 843.992;1 844.496;1 848.992;2022.06.20 04:20:02;1 844.496;;;0.51;[sl]
2022.06.20 03:00:01;Buy;0.01;XAUUSDm;1 842.534;1 843.059;1 847.534;2022.06.20 03:06:27;1 843.059;;;0.53;[sl]
2022.06.17 16:00:01;Buy;0.01;XAUUSDm;1 841.467;1 843.189;1 846.467;2022.06.20 02:57:29;1 843.189;;;1.72;[sl]
2022.06.17 15:00:02;Sell;0.01;XAUUSDm;1 840.516;1 839.268;1 835.516;2022.06.17 15:01:45;1 839.268;;;1.25;[sl]
2022.06.16 16:00:01;Sell;0.02;XAUUSDm;1 845.649;1 839.741;1 835.937;2022.06.17 14:15:39;1 839.741;;;11.82;
2022.06.16 15:00:00;Sell;0.02;XAUUSDm;1 832.442;1 839.741;1 835.937;2022.06.17 14:15:39;1 839.741;;;-14.60;
2022.06.16 12:00:01;Sell;0.01;XAUUSDm;1 819.492;1 839.741;1 835.937;2022.06.17 14:15:38;1 839.741;;;-20.25;[sl]
2022.06.16 23:00:01;Sell;0.03;XAUUSDm;1 850.608;1 840.087;1 835.937;2022.06.17 14:14:09;1 840.087;;;31.56;
2022.06.16 11:00:04;Sell;0.01;XAUUSDm;1 820.450;1 817.665;1 815.450;2022.06.16 11:00:29;1 817.665;;;2.78;[sl]
2022.06.16 10:00:00;Sell;0.01;XAUUSDm;1 830.127;1 827.530;1 825.127;2022.06.16 10:09:41;1 823.987;;;6.14;[tp]
2022.06.16 01:00:01;Buy;0.01;XAUUSDm;1 834.807;1 835.535;1 839.807;2022.06.16 09:15:08;1 835.535;;;0.73;[sl]
2022.06.15 06:00:01;Buy;0.01;XAUUSDm;1 817.860;1 818.715;1 822.860;2022.06.15 06:02:44;1 818.715;;;0.86;[sl]
2022.06.15 03:00:01;Buy;0.01;XAUUSDm;1 817.541;1 818.123;1 822.541;2022.06.15 05:53:40;1 818.123;;;0.58;[sl]
2022.06.14 11:00:01;Buy;0.01;XAUUSDm;1 824.995;1 818.438;1 822.800;2022.06.15 02:31:34;1 818.438;;;-6.56;[sl]
2022.06.14 15:00:01;Buy;0.02;XAUUSDm;1 814.203;1 818.620;1 822.800;2022.06.15 02:30:31;1 818.620;;;8.83;
2022.06.14 10:00:01;Sell;0.01;XAUUSDm;1 824.019;1 823.483;1 819.019;2022.06.14 10:01:07;1 823.483;;;0.54;[sl]
2022.06.14 05:00:00;Sell;0.01;XAUUSDm;1 824.695;1 823.791;1 819.695;2022.06.14 09:04:54;1 823.791;;;0.91;[sl]
2022.06.14 04:00:01;Sell;0.01;XAUUSDm;1 825.391;1 824.774;1 820.391;2022.06.14 04:54:34;1 824.774;;;0.62;[sl]
2022.06.14 03:00:01;Buy;0.01;XAUUSDm;1 826.912;1 827.466;1 831.912;2022.06.14 03:09:37;1 827.466;;;0.56;[sl]
2022.06.14 02:00:02;Buy;0.01;XAUUSDm;1 824.537;1 826.306;1 829.537;2022.06.14 02:43:48;1 826.306;;;1.77;[sl]
2022.06.14 01:00:01;Buy;0.01;XAUUSDm;1 824.052;1 824.834;1 829.052;2022.06.14 01:05:40;1 824.834;;;0.78;[sl]
2022.06.13 23:00:01;Buy;0.01;XAUUSDm;1 821.598;1 822.675;1 826.598;2022.06.14 00:16:24;1 822.675;;;1.08;[sl]
2022.06.13 20:00:01;Sell;0.01;XAUUSDm;1 822.842;1 820.073;1 817.842;2022.06.13 20:24:25;1 820.073;;;2.77;[sl]
2022.06.13 19:00:02;Sell;0.01;XAUUSDm;1 825.652;1 825.076;1 820.652;2022.06.13 19:03:33;1 825.076;;;0.57;[sl]
2022.06.13 17:00:01;Sell;0.01;XAUUSDm;1 828.689;1 827.553;1 823.689;2022.06.13 18:29:29;1 827.553;;;1.14;[sl]
2022.06.13 16:00:02;Buy;0.01;XAUUSDm;1 829.318;1 829.934;1 834.318;2022.06.13 16:03:49;1 829.934;;;0.61;[sl]
2022.06.13 15:00:00;Sell;0.01;XAUUSDm;1 827.387;1 826.563;1 822.387;2022.06.13 15:01:33;1 826.563;;;0.83;[sl]
2022.06.13 14:00:01;Sell;0.01;XAUUSDm;1 830.441;1 829.162;1 825.441;2022.06.13 14:03:29;1 829.162;;;1.28;[sl]
2022.06.13 13:00:01;Sell;0.01;XAUUSDm;1 842.744;1 842.233;1 837.744;2022.06.13 13:10:58;1 842.233;;;0.51;[sl]
2022.06.13 09:00:01;Sell;0.01;XAUUSDm;1 852.996;1 849.564;1 847.996;2022.06.13 12:20:07;1 849.564;;;3.44;[sl]
2022.06.13 08:00:01;Sell;0.01;XAUUSDm;1 857.192;1 856.584;1 852.192;2022.06.13 08:04:20;1 856.584;;;0.61;[sl]
2022.06.13 07:00:01;Sell;0.01;XAUUSDm;1 861.949;1 860.120;1 856.949;2022.06.13 07:31:17;1 860.120;;;1.83;[sl]
2022.06.13 06:00:04;Buy;0.01;XAUUSDm;1 865.567;1 866.286;1 870.567;2022.06.13 06:03:19;1 866.286;;;0.72;[sl]
2022.06.13 04:00:02;Buy;0.01;XAUUSDm;1 863.734;1 864.659;1 868.734;2022.06.13 05:12:01;1 864.659;;;0.93;[sl]
2022.06.13 03:00:01;Buy;0.01;XAUUSDm;1 863.702;1 864.927;1 868.702;2022.06.13 03:12:30;1 864.927;;;1.23;[sl]
2022.06.13 02:00:00;Sell;0.01;XAUUSDm;1 862.664;1 861.801;1 857.664;2022.06.13 02:09:09;1 861.801;;;0.86;[sl]
2022.06.13 01:00:01;Sell;0.01;XAUUSDm;1 872.582;1 872.005;1 867.582;2022.06.13 01:01:25;1 872.005;;;0.57;[sl]
2022.06.12 23:00:01;Buy;0.01;XAUUSDm;1 876.327;1 876.851;1 881.327;2022.06.13 00:00:29;1 876.851;;;0.52;[sl]
2022.06.12 22:05:05;Sell;0.01;XAUUSDm;1 878.244;1 876.715;1 873.244;2022.06.12 22:19:40;1 876.715;;;1.52;[sl]
2022.06.10 14:00:03;Sell;0.01;XAUUSDm;1 832.211;1 831.654;1 827.211;2022.06.10 14:00:56;1 831.654;;;0.56;[sl]
2022.06.10 13:00:01;Buy;0.01;XAUUSDm;1 838.630;1 839.154;1 843.630;2022.06.10 13:00:56;1 839.154;;;0.52;[sl]
2022.06.10 12:00:05;Buy;0.02;XAUUSDm;1 834.621;;1 845.004;2022.06.10 12:41:02;1 845.004;;;20.77;
2022.06.09 13:00:01;Buy;0.01;XAUUSDm;1 850.770;;1 845.004;2022.06.10 12:41:02;1 845.004;;;-5.77;[tp]
2022.06.09 12:00:00;Buy;0.02;XAUUSDm;1 846.539;1 851.731;1 855.521;2022.06.09 12:33:15;1 851.731;;;10.38;
2022.06.08 16:00:01;Buy;0.01;XAUUSDm;1 858.486;1 851.731;1 855.521;2022.06.09 12:33:15;1 851.731;;;-6.76;[sl]
2022.06.08 15:00:00;Buy;0.01;XAUUSDm;1 856.423;1 858.337;1 861.423;2022.06.08 15:05:57;1 858.337;;;1.92;[sl]
2022.06.08 14:00:01;Buy;0.01;XAUUSDm;1 852.718;1 853.823;1 857.718;2022.06.08 14:07:17;1 853.823;;;1.10;[sl]
2022.06.07 19:00:01;Buy;0.01;XAUUSDm;1 854.658;1 855.389;1 859.658;2022.06.08 13:15:28;1 855.389;;;0.73;[sl]
2022.06.07 14:00:04;Buy;0.01;XAUUSDm;1 852.060;1 853.221;1 857.060;2022.06.07 18:47:39;1 853.221;;;1.16;[sl]
2022.06.07 11:00:01;Buy;0.01;XAUUSDm;1 850.829;1 852.597;1 855.829;2022.06.07 13:53:51;1 852.597;;;1.77;[sl]
2022.06.07 10:00:01;Buy;0.01;XAUUSDm;1 847.482;1 850.018;1 852.482;2022.06.07 10:46:58;1 850.018;;;2.54;[sl]
2022.06.07 09:00:00;Buy;0.01;XAUUSDm;1 846.777;1 848.325;1 851.777;2022.06.07 09:23:36;1 848.325;;;1.55;[sl]
2022.06.07 08:00:01;Buy;0.01;XAUUSDm;1 842.280;1 844.423;1 847.280;2022.06.07 08:07:42;1 844.423;;;2.14;[sl]
2022.06.07 07:00:00;Buy;0.01;XAUUSDm;1 841.797;1 844.171;1 846.797;2022.06.07 07:15:07;1 844.171;;;2.37;[sl]
2022.06.07 04:00:01;Sell;0.01;XAUUSDm;1 840.154;1 839.422;1 835.154;2022.06.07 06:00:07;1 839.422;;;0.73;[sl]
2022.06.07 02:00:00;Buy;0.01;XAUUSDm;1 841.112;1 841.976;1 846.112;2022.06.07 03:17:46;1 841.976;;;0.87;[sl]
2022.06.07 01:00:00;Sell;0.01;XAUUSDm;1 839.057;1 837.794;1 834.057;2022.06.07 01:19:02;1 837.794;;;1.27;[sl]
2022.06.07 00:00:01;Sell;0.01;XAUUSDm;1 839.374;1 838.806;1 834.374;2022.06.07 00:27:53;1 838.806;;;0.56;[sl]
2022.06.06 23:00:00;Sell;0.01;XAUUSDm;1 841.703;1 839.298;1 836.703;2022.06.06 23:29:09;1 839.298;;;2.40;[sl]
2022.06.06 18:00:00;Sell;0.01;XAUUSDm;1 841.700;1 841.074;1 836.700;2022.06.06 22:30:36;1 841.074;;;0.63;[sl]
2022.06.06 17:00:01;Sell;0.01;XAUUSDm;1 842.200;1 841.529;1 837.200;2022.06.06 17:05:21;1 841.529;;;0.67;[sl]
2022.06.06 16:00:00;Sell;0.01;XAUUSDm;1 843.605;1 842.327;1 838.605;2022.06.06 16:07:05;1 842.327;;;1.28;[sl]
2022.06.06 15:00:01;Sell;0.01;XAUUSDm;1 848.308;1 845.604;1 843.308;2022.06.06 15:11:16;1 843.308;;;5.00;[tp]
2022.06.06 14:00:00;Sell;0.01;XAUUSDm;1 850.154;1 848.593;1 845.154;2022.06.06 14:02:52;1 849.320;;;0.83;[sl]
2022.06.06 00:00:00;Sell;0.01;XAUUSDm;1 851.407;1 850.399;1 846.407;2022.06.06 13:43:10;1 850.399;;;1.01;[sl]
2022.06.03 19:00:01;Buy;0.01;XAUUSDm;1 851.081;1 852.380;1 856.081;2022.06.05 23:14:59;1 852.380;;;1.30;[sl]
2022.06.03 18:00:00;Sell;0.01;XAUUSDm;1 848.956;1 848.292;1 843.956;2022.06.03 18:18:44;1 848.292;;;0.67;[sl]
2022.06.03 17:00:01;Sell;0.01;XAUUSDm;1 850.772;1 850.259;1 845.772;2022.06.03 17:13:10;1 850.259;;;0.51;[sl]
2022.06.03 16:00:01;Sell;0.01;XAUUSDm;1 851.851;1 850.470;1 846.851;2022.06.03 16:03:11;1 850.470;;;1.38;[sl]
2022.06.03 13:00:01;Sell;0.01;XAUUSDm;1 858.240;1 856.752;1 853.240;2022.06.03 15:01:18;1 856.752;;;1.49;[sl]
2022.06.02 08:00:00;Sell;0.01;XAUUSDm;1 851.160;1 857.460;1 854.686;2022.06.03 12:40:41;1 857.460;;;-6.30;[sl]
2022.06.02 14:00:00;Sell;0.02;XAUUSDm;1 863.949;1 857.456;1 854.686;2022.06.03 12:40:40;1 857.456;;;12.99;
2022.06.02 07:00:01;Buy;0.01;XAUUSDm;1 852.083;1 852.767;1 857.083;2022.06.02 07:05:20;1 852.767;;;0.69;[sl]
2022.06.01 19:00:01;Buy;0.01;XAUUSDm;1 849.075;1 849.872;1 854.075;2022.06.02 06:25:16;1 849.872;;;0.79;[sl]
2022.06.01 18:00:01;Buy;0.01;XAUUSDm;1 848.072;1 848.866;1 853.072;2022.06.01 18:04:15;1 848.866;;;0.80;[sl]
2022.06.01 17:00:01;Buy;0.01;XAUUSDm;1 847.641;1 848.512;1 852.641;2022.06.01 17:07:13;1 848.512;;;0.87;[sl]
2022.06.01 16:00:01;Buy;0.01;XAUUSDm;1 845.857;1 846.405;1 850.857;2022.06.01 16:07:13;1 846.405;;;0.55;[sl]
2022.06.01 14:00:06;Buy;0.01;XAUUSDm;1 845.409;1 847.029;1 850.409;2022.06.01 15:57:08;1 847.029;;;1.62;[sl]
2022.06.01 13:00:00;Buy;0.01;XAUUSDm;1 844.576;1 845.172;1 849.576;2022.06.01 13:01:16;1 845.172;;;0.59;[sl]
2022.05.31 19:00:00;Buy;0.02;XAUUSDm;1 840.739;1 839.148;1 843.437;2022.06.01 12:39:02;1 839.148;;;-3.18;
2022.05.31 14:00:03;Buy;0.01;XAUUSDm;1 851.217;1 839.148;1 843.437;2022.06.01 12:39:02;1 839.148;;;-12.07;[sl]
2022.06.01 09:00:03;Buy;0.02;XAUUSDm;1 829.745;1 839.148;1 843.437;2022.06.01 12:38:52;1 839.148;;;18.81;
2022.05.31 13:00:01;Buy;0.01;XAUUSDm;1 849.092;1 849.629;1 854.092;2022.05.31 13:12:22;1 849.629;;;0.54;[sl]
2022.05.31 12:00:01;Sell;0.01;XAUUSDm;1 848.733;1 847.843;1 843.733;2022.05.31 12:29:48;1 847.843;;;0.89;[sl]
2022.05.31 01:00:00;Sell;0.01;XAUUSDm;1 845.924;1 845.372;1 840.924;2022.05.31 11:57:02;1 845.372;;;0.55;[sl]
2022.05.31 00:00:02;Sell;0.01;XAUUSDm;1 852.513;1 849.043;1 847.513;2022.05.31 00:31:19;1 849.043;;;3.47;[sl]
2022.05.30 23:00:00;Sell;0.01;XAUUSDm;1 854.328;1 852.985;1 849.328;2022.05.30 23:19:03;1 852.985;;;1.34;[sl]
2022.05.30 13:33:14;Balance;;;;;;;;;;-201.34;
2022.05.30 09:00:03;Buy;0.01;XAUUSDm;1 859.096;1 859.667;1 864.096;2022.05.30 13:24:41;1 859.667;;;0.57;[sl]
2022.05.30 08:00:01;Sell;0.01;XAUUSDm;1 858.865;1 857.092;1 853.865;2022.05.30 08:23:50;1 857.092;;;1.78;[sl]
2022.05.30 07:00:00;Sell;0.01;XAUUSDm;1 861.230;1 860.127;1 856.230;2022.05.30 07:06:51;1 860.127;;;1.10;[sl]
2022.05.30 06:00:00;Buy;0.01;XAUUSDm;1 862.296;1 863.028;1 867.296;2022.05.30 06:18:04;1 863.028;;;0.73;[sl]
2022.05.30 05:00:01;Buy;0.01;XAUUSDm;1 861.184;1 862.092;1 866.184;2022.05.30 05:06:56;1 862.092;;;0.91;[sl]
2022.05.30 03:00:00;Buy;0.01;XAUUSDm;1 859.133;1 860.367;1 864.133;2022.05.30 04:00:31;1 860.367;;;1.24;[sl]
2022.05.30 02:00:00;Buy;0.01;XAUUSDm;1 857.037;1 858.838;1 862.037;2022.05.30 02:11:05;1 858.838;;;1.80;[sl]
2022.05.27 20:00:00;Buy;0.01;XAUUSDm;1 853.619;1 855.750;1 858.619;2022.05.30 01:42:06;1 855.750;;;2.13;[sl]
2022.05.27 18:00:00;Buy;0.01;XAUUSDm;1 853.438;1 854.356;1 858.438;2022.05.27 19:25:56;1 854.356;;;0.92;[sl]
2022.05.27 17:00:00;Sell;0.01;XAUUSDm;1 853.158;1 852.658;1 848.158;2022.05.27 17:45:42;1 852.658;;;0.50;[sl]
2022.05.27 16:00:01;Sell;0.01;XAUUSDm;1 854.676;1 853.455;1 849.676;2022.05.27 16:32:33;1 853.455;;;1.22;[sl]
2022.05.27 15:00:01;Sell;0.01;XAUUSDm;1 854.916;1 852.280;1 849.916;2022.05.27 15:05:17;1 852.280;;;2.64;[sl]
2022.05.27 13:00:01;Sell;0.01;XAUUSDm;1 855.974;1 855.084;1 850.974;2022.05.27 14:00:41;1 855.084;;;0.89;[sl]
2022.05.27 09:00:00;Sell;0.01;XAUUSDm;1 856.791;1 854.821;1 851.791;2022.05.27 12:31:14;1 854.821;;;1.97;[sl]
2022.05.27 08:00:01;Buy;0.01;XAUUSDm;1 858.499;1 859.899;1 863.499;2022.05.27 08:34:58;1 859.899;;;1.40;[sl]
2022.05.25 16:00:01;Buy;0.02;XAUUSDm;1 845.982;1 857.567;1 860.455;2022.05.27 07:17:38;1 857.567;;;23.17;
2022.05.25 07:00:00;Buy;0.02;XAUUSDm;1 858.008;1 857.567;1 860.455;2022.05.27 07:17:38;1 857.534;;;-0.95;
2022.05.24 16:00:01;Buy;0.01;XAUUSDm;1 869.295;1 857.567;1 860.455;2022.05.27 07:17:38;1 857.567;;;-11.73;[sl]
2022.05.24 14:00:03;Buy;0.01;XAUUSDm;1 867.834;1 868.357;1 872.834;2022.05.24 15:24:45;1 868.357;;;0.53;[sl]
2022.05.24 08:00:04;Buy;0.01;XAUUSDm;1 860.561;1 861.353;1 865.561;2022.05.24 13:01:48;1 861.353;;;0.79;[sl]
2022.05.23 19:00:00;Buy;0.01;XAUUSDm;1 856.585;1 857.143;1 861.585;2022.05.24 07:19:21;1 857.143;;;0.55;[sl]
2022.05.23 18:00:00;Buy;0.01;XAUUSDm;1 853.582;1 854.886;1 858.582;2022.05.23 18:26:05;1 854.886;;;1.31;[sl]
2022.05.23 17:00:00;Sell;0.01;XAUUSDm;1 849.939;1 848.856;1 844.939;2022.05.23 17:14:05;1 848.856;;;1.08;[sl]
2022.05.23 16:00:00;Sell;0.01;XAUUSDm;1 851.797;1 849.431;1 846.797;2022.05.23 16:18:21;1 849.431;;;2.37;[sl]
2022.05.23 15:00:00;Sell;0.01;XAUUSDm;1 853.750;1 852.405;1 848.750;2022.05.23 15:22:02;1 852.405;;;1.34;[sl]
2022.05.23 14:00:01;Sell;0.01;XAUUSDm;1 854.588;1 853.691;1 849.588;2022.05.23 14:35:05;1 853.823;;;0.77;[sl]
2022.05.23 13:00:00;Sell;0.01;XAUUSDm;1 855.589;1 854.219;1 850.589;2022.05.23 13:04:57;1 854.219;;;1.37;[sl]
2022.05.23 10:00:00;Sell;0.02;XAUUSDm;1 864.438;1 858.776;1 855.658;2022.05.23 12:31:00;1 858.776;;;11.33;
2022.05.23 07:00:01;Sell;0.01;XAUUSDm;1 853.097;1 858.776;1 855.658;2022.05.23 12:31:00;1 858.915;;;-5.82;[sl]
2022.05.23 05:00:01;Sell;0.01;XAUUSDm;1 854.311;1 853.725;1 849.311;2022.05.23 06:04:52;1 853.725;;;0.58;[sl]
2022.05.23 04:00:01;Buy;0.01;XAUUSDm;1 854.539;1 855.241;1 859.539;2022.05.23 04:13:26;1 855.241;;;0.70;[sl]
2022.05.23 03:00:01;Buy;0.01;XAUUSDm;1 852.636;1 853.587;1 857.636;2022.05.23 03:06:32;1 853.587;;;0.95;[sl]
2022.05.23 01:00:00;Buy;0.01;XAUUSDm;1 852.357;1 852.902;1 857.357;2022.05.23 02:42:59;1 852.902;;;0.54;[sl]
2022.05.22 22:05:03;Buy;0.01;XAUUSDm;1 849.096;1 850.227;1 854.096;2022.05.23 00:39:32;1 850.227;;;1.13;[sl]
2022.05.20 20:00:00;Buy;0.01;XAUUSDm;1 844.879;1 845.589;1 849.879;2022.05.20 20:53:53;1 845.589;;;0.71;[sl]
2022.05.20 18:00:01;Buy;0.01;XAUUSDm;1 843.499;1 844.918;1 848.499;2022.05.20 19:58:06;1 844.918;;;1.42;[sl]
2022.05.20 16:00:01;Buy;0.01;XAUUSDm;1 842.628;1 843.570;1 847.628;2022.05.20 17:30:11;1 843.570;;;0.94;[sl]
2022.05.20 14:00:04;Buy;0.02;XAUUSDm;1 836.279;1 841.468;1 845.460;2022.05.20 15:04:41;1 841.468;;;10.38;
2022.05.20 07:00:01;Buy;0.01;XAUUSDm;1 848.821;1 841.468;1 845.460;2022.05.20 15:04:41;1 841.468;;;-7.35;[sl]
2022.05.20 06:00:05;Buy;0.01;XAUUSDm;1 845.529;1 846.475;1 850.529;2022.05.20 06:08:58;1 846.475;;;0.95;[sl]
2022.05.20 00:00:04;Buy;0.01;XAUUSDm;1 842.717;1 843.852;1 847.717;2022.05.20 05:25:48;1 843.852;;;1.13;[sl]
2022.05.19 17:00:02;Buy;0.01;XAUUSDm;1 843.198;1 843.991;1 848.198;2022.05.19 23:41:56;1 843.991;;;0.79;[sl]
2022.05.19 16:00:02;Sell;0.01;XAUUSDm;1 842.571;1 842.038;1 837.571;2022.05.19 16:13:08;1 842.038;;;0.53;[sl]
2022.05.19 15:00:02;Buy;0.01;XAUUSDm;1 845.656;1 847.456;1 850.656;2022.05.19 15:20:30;1 847.456;;;1.80;[sl]
2022.05.19 14:00:05;Buy;0.01;XAUUSDm;1 839.783;1 843.340;1 844.783;2022.05.19 14:03:52;1 843.340;;;3.56;[sl]
2022.05.19 13:00:02;Buy;0.01;XAUUSDm;1 838.743;1 840.430;1 843.743;2022.05.19 13:07:12;1 840.430;;;1.69;[sl]
2022.05.19 12:00:01;Buy;0.01;XAUUSDm;1 830.811;1 831.986;1 835.811;2022.05.19 12:24:44;1 831.986;;;1.18;[sl]
2022.05.19 10:00:00;Buy;0.01;XAUUSDm;1 830.038;1 831.538;1 835.038;2022.05.19 11:08:04;1 831.538;;;1.50;[sl]
2022.05.19 09:00:01;Buy;0.01;XAUUSDm;1 822.780;1 825.007;1 827.780;2022.05.19 09:08:57;1 825.007;;;2.23;[sl]
2022.05.19 08:00:02;Sell;0.01;XAUUSDm;1 813.087;1 812.340;1 808.087;2022.05.19 08:09:39;1 812.340;;;0.75;[sl]
2022.05.19 06:00:01;Sell;0.01;XAUUSDm;1 813.693;1 812.732;1 808.693;2022.05.19 07:03:50;1 812.732;;;0.96;[sl]
2022.05.19 01:00:01;Sell;0.01;XAUUSDm;1 815.064;1 814.563;1 810.064;2022.05.19 05:12:01;1 814.563;;;0.50;[sl]
2022.05.18 20:00:01;Sell;0.01;XAUUSDm;1 816.106;1 814.978;1 811.106;2022.05.19 00:06:35;1 814.978;;;1.13;[sl]
2022.05.18 19:00:01;Buy;0.01;XAUUSDm;1 819.480;1 821.494;1 824.480;2022.05.18 19:10:54;1 821.494;;;2.01;[sl]
2022.05.18 18:00:01;Sell;0.01;XAUUSDm;1 817.501;1 816.589;1 812.501;2022.05.18 18:08:23;1 816.589;;;0.91;[sl]
2022.05.18 16:00:01;Sell;0.02;XAUUSDm;1 823.499;1 818.600;1 814.128;2022.05.18 17:18:11;1 818.600;;;9.80;
2022.05.18 14:00:01;Sell;0.01;XAUUSDm;1 810.386;1 818.600;1 814.128;2022.05.18 17:18:11;1 818.600;;;-8.21;[sl]
2022.05.18 13:00:04;Buy;0.01;XAUUSDm;1 811.304;1 813.040;1 816.304;2022.05.18 13:03:40;1 813.040;;;1.74;[sl]
2022.05.18 12:00:01;Buy;0.02;XAUUSDm;1 808.524;1 813.951;1 817.220;2022.05.18 12:43:15;1 813.951;;;10.85;
2022.05.18 10:00:01;Buy;0.01;XAUUSDm;1 819.612;1 813.951;1 817.220;2022.05.18 12:43:15;1 813.951;;;-5.66;[sl]
2022.05.18 01:00:00;Buy;0.01;XAUUSDm;1 816.499;1 819.058;1 821.499;2022.05.18 09:37:49;1 819.058;;;2.56;[sl]
2022.05.18 00:00:01;Buy;0.01;XAUUSDm;1 814.659;1 815.238;1 819.659;2022.05.18 00:03:39;1 815.238;;;0.58;[sl]
2022.05.17 23:00:00;Sell;0.01;XAUUSDm;1 814.305;1 813.678;1 809.305;2022.05.17 23:18:44;1 813.678;;;0.63;[sl]
2022.05.17 19:00:01;Sell;0.01;XAUUSDm;1 815.670;1 813.630;1 810.670;2022.05.17 20:34:18;1 813.630;;;2.04;[sl]
2022.05.17 16:00:01;Sell;0.01;XAUUSDm;1 818.790;1 817.035;1 813.790;2022.05.17 18:14:58;1 817.035;;;1.75;[sl]
2022.05.17 15:00:00;Sell;0.01;XAUUSDm;1 821.985;1 821.398;1 816.985;2022.05.17 15:04:33;1 821.398;;;0.59;[sl]
2022.05.17 14:00:01;Sell;0.01;XAUUSDm;1 824.009;1 821.282;1 819.009;2022.05.17 14:06:47;1 821.282;;;2.73;[sl]
2022.05.17 13:00:01;Sell;0.01;XAUUSDm;1 832.388;1 831.016;1 827.388;2022.05.17 13:01:38;1 831.016;;;1.37;[sl]
2022.05.17 04:00:01;Sell;0.01;XAUUSDm;1 822.626;1 829.519;1 825.592;2022.05.17 12:30:58;1 829.519;;;-6.89;[sl]
2022.05.17 12:00:01;Sell;0.02;XAUUSDm;1 834.575;1 829.715;1 825.592;2022.05.17 12:30:08;1 830.665;;;7.82;
2022.05.17 03:00:01;Sell;0.01;XAUUSDm;1 824.783;1 824.079;1 819.783;2022.05.17 03:09:43;1 824.079;;;0.70;[sl]
2022.05.17 02:00:00;Buy;0.01;XAUUSDm;1 826.305;1 827.714;1 831.305;2022.05.17 02:05:39;1 827.714;;;1.40;[sl]
2022.05.17 01:00:01;Sell;0.01;XAUUSDm;1 825.169;1 824.299;1 820.169;2022.05.17 01:04:11;1 824.299;;;0.87;[sl]
2022.05.17 00:00:01;Buy;0.01;XAUUSDm;1 826.803;1 827.575;1 831.803;2022.05.17 00:08:50;1 827.575;;;0.78;[sl]
2022.05.16 20:00:00;Buy;0.01;XAUUSDm;1 826.731;1 828.620;1 831.731;2022.05.16 23:53:14;1 828.620;;;1.89;[sl]
2022.05.16 19:00:00;Buy;0.01;XAUUSDm;1 822.893;1 824.080;1 827.893;2022.05.16 19:07:11;1 824.080;;;1.19;[sl]
2022.05.16 18:00:01;Buy;0.01;XAUUSDm;1 816.501;1 817.311;1 821.501;2022.05.16 18:51:10;1 817.311;;;0.81;[sl]
2022.05.16 17:00:01;Buy;0.01;XAUUSDm;1 815.794;1 817.373;1 820.794;2022.05.16 17:46:45;1 817.373;;;1.58;[sl]
2022.05.16 16:00:01;Buy;0.01;XAUUSDm;1 814.082;1 815.528;1 819.082;2022.05.16 16:52:49;1 815.528;;;1.45;[sl]
2022.05.16 15:00:01;Buy;0.01;XAUUSDm;1 812.249;1 813.536;1 817.249;2022.05.16 15:02:05;1 813.536;;;1.29;[sl]
2022.05.16 08:00:00;Buy;0.03;XAUUSDm;1 792.850;1 813.020;1 817.484;2022.05.16 14:24:31;1 813.020;;;60.51;
2022.05.13 12:00:00;Buy;0.02;XAUUSDm;1 814.015;1 813.020;1 817.484;2022.05.16 14:24:31;1 813.020;;;-1.99;
2022.05.12 17:00:00;Buy;0.02;XAUUSDm;1 825.369;1 813.020;1 817.484;2022.05.16 14:24:31;1 813.020;;;-24.70;
2022.05.12 15:00:01;Buy;0.01;XAUUSDm;1 842.551;1 813.020;1 817.484;2022.05.16 14:24:30;1 813.020;;;-29.53;[sl]
2022.05.12 14:00:01;Sell;0.01;XAUUSDm;1 839.085;1 838.115;1 834.085;2022.05.12 14:00:43;1 838.115;;;0.97;[sl]
2022.05.12 12:00:01;Sell;0.01;XAUUSDm;1 842.207;1 840.127;1 837.207;2022.05.12 13:56:01;1 840.127;;;2.08;[sl]
2022.05.12 11:00:01;Sell;0.01;XAUUSDm;1 847.186;1 846.087;1 842.186;2022.05.12 11:08:23;1 846.087;;;1.10;[sl]
2022.05.12 09:00:01;Sell;0.01;XAUUSDm;1 847.139;1 846.587;1 842.139;2022.05.12 10:43:35;1 846.587;;;0.55;[sl]
2022.05.12 08:00:01;Sell;0.01;XAUUSDm;1 851.068;1 850.556;1 846.068;2022.05.12 08:02:10;1 850.556;;;0.51;[sl]
2022.05.12 07:00:01;Buy;0.01;XAUUSDm;1 852.034;1 852.812;1 857.034;2022.05.12 07:51:46;1 852.812;;;0.78;[sl]
2022.05.12 06:00:04;Sell;0.01;XAUUSDm;1 849.772;1 848.567;1 844.772;2022.05.12 06:15:29;1 848.567;;;1.20;[sl]
2022.05.12 05:00:00;Sell;0.01;XAUUSDm;1 851.136;1 850.492;1 846.136;2022.05.12 05:30:33;1 850.492;;;0.65;[sl]
2022.05.12 04:00:01;Sell;0.01;XAUUSDm;1 852.997;1 851.511;1 847.997;2022.05.12 04:39:43;1 851.511;;;1.49;[sl]
2022.05.12 03:00:01;Sell;0.01;XAUUSDm;1 853.183;1 852.521;1 848.183;2022.05.12 03:57:35;1 852.521;;;0.66;[sl]
2022.05.12 02:00:00;Sell;0.01;XAUUSDm;1 857.184;1 855.852;1 852.184;2022.05.12 02:35:53;1 855.852;;;1.33;[sl]
2022.05.12 01:00:01;Buy;0.01;XAUUSDm;1 857.288;1 857.957;1 862.288;2022.05.12 01:33:17;1 857.957;;;0.67;[sl]
2022.05.12 00:00:01;Buy;0.01;XAUUSDm;1 854.263;1 854.853;1 859.263;2022.05.12 00:30:25;1 854.853;;;0.59;[sl]
2022.05.11 20:00:00;Buy;0.01;XAUUSDm;1 853.159;1 855.653;1 858.159;2022.05.11 23:51:59;1 855.653;;;2.49;[sl]
2022.05.11 19:00:01;Buy;0.01;XAUUSDm;1 853.224;1 853.906;1 858.224;2022.05.11 19:35:51;1 853.906;;;0.69;[sl]
2022.05.11 18:00:01;Sell;0.01;XAUUSDm;1 851.878;1 851.301;1 846.878;2022.05.11 18:54:46;1 851.301;;;0.58;[sl]
2022.05.11 17:00:00;Sell;0.01;XAUUSDm;1 852.187;1 851.629;1 847.187;2022.05.11 17:02:14;1 851.629;;;0.56;[sl]
2022.05.11 16:00:00;Buy;0.01;XAUUSDm;1 852.457;1 853.974;1 857.457;2022.05.11 16:16:26;1 853.974;;;1.51;[sl]
2022.05.11 14:00:00;Buy;0.01;XAUUSDm;1 853.510;1 854.300;1 858.510;2022.05.11 15:39:13;1 854.300;;;0.79;[sl]
2022.05.11 13:00:00;Sell;0.01;XAUUSDm;1 839.029;1 838.505;1 834.029;2022.05.11 13:01:13;1 838.505;;;0.52;[sl]
2022.05.11 12:00:00;Sell;0.01;XAUUSDm;1 850.515;1 848.969;1 845.515;2022.05.11 12:21:05;1 849.753;;;0.77;[sl]
2022.05.11 11:00:00;Buy;0.01;XAUUSDm;1 852.802;1 853.611;1 857.802;2022.05.11 11:08:01;1 853.611;;;0.81;[sl]
2022.05.11 10:00:00;Buy;0.01;XAUUSDm;1 852.788;1 853.672;1 857.788;2022.05.11 10:46:10;1 853.672;;;0.88;[sl]
2022.05.11 09:00:00;Buy;0.01;XAUUSDm;1 852.147;1 853.592;1 857.147;2022.05.11 09:15:19;1 853.592;;;1.44;[sl]
2022.05.11 08:00:01;Buy;0.01;XAUUSDm;1 848.897;1 849.490;1 853.897;2022.05.11 08:04:51;1 849.490;;;0.59;[sl]
2022.05.11 07:00:01;Buy;0.01;XAUUSDm;1 844.293;1 847.290;1 849.293;2022.05.11 07:11:13;1 847.290;;;3.00;[sl]
2022.05.11 03:00:01;Buy;0.01;XAUUSDm;1 838.679;1 839.445;1 843.679;2022.05.11 06:15:40;1 839.445;;;0.77;[sl]
2022.05.11 00:00:00;Buy;0.02;XAUUSDm;1 833.784;1 839.302;1 843.147;2022.05.11 02:55:57;1 839.302;;;11.03;
2022.05.10 18:00:00;Buy;0.01;XAUUSDm;1 846.874;1 839.302;1 843.147;2022.05.11 02:55:57;1 839.302;;;-7.57;[sl]
2022.05.10 17:00:00;Buy;0.01;XAUUSDm;1 844.891;1 846.260;1 849.891;2022.05.10 17:02:16;1 846.260;;;1.37;[sl]
2022.05.10 16:00:00;Sell;0.01;XAUUSDm;1 844.322;1 843.321;1 839.322;2022.05.10 16:03:03;1 843.321;;;1.00;[sl]
2022.05.10 15:00:00;Sell;0.01;XAUUSDm;1 849.689;1 848.701;1 844.689;2022.05.10 15:02:06;1 848.701;;;0.99;[sl]
2022.05.10 14:00:01;Sell;0.01;XAUUSDm;1 857.158;1 854.762;1 852.158;2022.05.10 14:40:45;1 854.762;;;2.40;[sl]
2022.05.10 13:00:01;Buy;0.01;XAUUSDm;1 862.277;1 863.469;1 867.277;2022.05.10 13:14:12;1 863.469;;;1.19;[sl]
2022.05.10 12:00:01;Buy;0.01;XAUUSDm;1 860.741;1 861.680;1 865.741;2022.05.10 12:41:22;1 861.680;;;0.94;[sl]
2022.05.10 11:00:00;Buy;0.01;XAUUSDm;1 858.610;1 862.559;1 863.610;2022.05.10 11:32:07;1 862.559;;;3.95;[sl]
2022.05.10 07:00:00;Sell;0.01;XAUUSDm;1 859.573;1 858.199;1 854.573;2022.05.10 10:00:12;1 858.199;;;1.37;[sl]
2022.05.10 01:00:00;Sell;0.01;XAUUSDm;1 854.180;1 860.272;1 855.903;2022.05.10 06:57:48;1 860.272;;;-6.09;[sl]
2022.05.10 04:00:00;Sell;0.02;XAUUSDm;1 864.265;1 860.272;1 855.903;2022.05.10 06:57:47;1 860.272;;;7.99;
2022.05.09 22:01:19;Buy;0.01;XAUUSDm;1 854.300;1 855.267;1 859.300;2022.05.10 00:34:38;1 855.267;;;0.97;[sl]
2022.05.09 19:00:00;Sell;0.01;XAUUSDm;1 853.539;1 852.599;1 848.539;2022.05.09 20:15:33;1 852.599;;;0.94;[sl]
2022.05.09 18:00:00;Sell;0.01;XAUUSDm;1 856.139;1 855.105;1 851.139;2022.05.09 18:44:32;1 855.105;;;1.03;[sl]
2022.05.09 17:00:00;Sell;0.01;XAUUSDm;1 860.956;1 860.102;1 855.956;2022.05.09 17:12:09;1 860.102;;;0.86;[sl]
2022.05.09 16:00:00;Buy;0.01;XAUUSDm;1 861.490;1 862.497;1 866.490;2022.05.09 16:13:13;1 862.497;;;1.01;[sl]
2022.05.09 15:00:00;Sell;0.01;XAUUSDm;1 860.506;1 859.088;1 855.506;2022.05.09 15:26:30;1 859.088;;;1.42;[sl]
2022.05.09 14:00:00;Sell;0.01;XAUUSDm;1 863.464;1 862.634;1 858.464;2022.05.09 14:01:03;1 862.634;;;0.83;[sl]
2022.05.09 13:00:00;Buy;0.01;XAUUSDm;1 864.581;1 866.945;1 869.581;2022.05.09 13:04:17;1 866.945;;;2.37;[sl]
2022.05.09 12:00:00;Buy;0.01;XAUUSDm;1 860.778;1 862.229;1 865.778;2022.05.09 12:06:03;1 862.229;;;1.45;[sl]
2022.05.09 11:00:00;Sell;0.01;XAUUSDm;1 859.550;1 859.047;1 854.550;2022.05.09 11:06:32;1 859.047;;;0.50;[sl]
2022.05.09 10:00:00;Sell;0.01;XAUUSDm;1 863.676;1 863.058;1 858.676;2022.05.09 10:05:56;1 863.058;;;0.62;[sl]
2022.05.09 09:00:00;Sell;0.01;XAUUSDm;1 865.504;1 863.465;1 860.504;2022.05.09 09:28:47;1 863.465;;;2.03;[sl]
2022.05.09 08:00:00;Sell;0.01;XAUUSDm;1 869.635;1 868.487;1 864.635;2022.05.09 08:04:03;1 868.487;;;1.15;[sl]
2022.05.09 07:00:00;Sell;0.01;XAUUSDm;1 871.181;1 869.456;1 866.181;2022.05.09 07:17:55;1 869.456;;;1.72;[sl]
2022.05.09 06:00:00;Sell;0.01;XAUUSDm;1 871.790;1 871.273;1 866.790;2022.05.09 06:09:41;1 871.273;;;0.52;[sl]
2022.05.09 05:00:00;Sell;0.01;XAUUSDm;1 873.754;1 872.323;1 868.754;2022.05.09 05:00:40;1 872.323;;;1.43;[sl]
2022.05.09 03:18:32;Sell;0.01;XAUUSDm;1 875.733;1 875.124;1 870.733;2022.05.09 04:03:18;1 875.124;;;0.61;[sl]
2022.05.09 02:36:47;Balance;;;;;;;;;;1 019.85;
